9
1 2 3 2 3 4
2 1 0
3 0 2 5 6
4 1 3 7 8 9
5 3 0
6 0 0
7 0 0
8 2 0
9 0 0
9
1 0 3 2 3 4
2 0 0
3 0 2 5 6
4 9 3 7 8 9
5 0 0
6 0 0
7 0 0
8 0 0
9 0 0
9
1 0 3 2 3 4
2 9 0
3 0 2 5 6
4 0 3 7 8 9
5 0 0
6 0 0
7 0 0
8 0 0
9 0 0
5
1 1 0
2 1 0
3 1 2 2 5
4 1 2 1 3
5 1 0
100
1 4 0
2 6 3 4 10 52
3 5 5 40 55 70 71 92
4 3 0
5 2 2 15 66
6 5 0
7 1 0
8 4 0
9 5 3 62 83 84
10 1 0
11 1 0
12 2 5 11 48 58 74 80
13 3 0
14 2 0
15 2 3 1 39 88
16 4 0
17 3 0
18 6 5 12 20 63 93 100
19 5 1 47
20 4 4 29 59 82 87
21 4 5 5 43 60 75 85
22 6 4 18 27 28 50
23 4 0
24 4 0
25 3 0
26 4 0
27 5 1 25
28 2 1 78
29 0 0
30 0 4 16 35 72 97
31 0 2 36 69
32 0 4 8 24 46 81
33 0 5 7 14 42 54 79
34 0 0
35 0 0
36 0 0
37 0 0
38 0 3 21 22 86
39 0 0
40 0 0
41 0 0
42 0 0
43 0 3 3 33 61
44 0 0
45 0 0
46 0 0
47 0 0
48 0 0
49 0 0
50 0 4 23 26 44 53
51 0 0
52 0 0
53 0 0
54 0 0
55 0 0
56 0 3 96 98 99
57 0 0
58 0 0
59 0 0
60 0 3 31 56 90
61 0 2 13 51
62 0 0
63 0 4 41 49 77 94
64 0 3 34 37 91
65 0 3 17 67 68
66 0 2 6 73
67 0 0
68 0 0
69 0 0
70 0 0
71 0 0
72 0 0
73 0 0
74 0 0
75 0 2 2 19
76 0 0
77 0 0
78 0 0
79 0 0
80 0 0
81 0 0
82 0 0
83 0 0
84 0 0
85 0 4 9 30 32 65
86 0 1 64
87 0 0
88 0 0
89 0 0
90 0 1 95
91 0 0
92 0 0
93 0 1 45
94 0 0
95 0 0
96 0 0
97 0 0
98 0 0
99 0 0
100 0 3 57 76 89
0