1000 999 10000
595 151 716 297 5 820 696 988 592 658 486 681 502 361 661 834 483 626 0 615 950 154 37 326 806 211 679 766 560 440 879 413 940 233 180 472 709 645 736 345 808 683 942 465 618 65 943 747 929 52 389 919 771 325 411 426 298 396 310 488 652 914 737 539 202 801 589 430 234 422 852 980 360 517 976 682 279 590 399 861 371 622 889 463 199 97 778 920 685 26 83 43 932 684 466 86 994 755 174 720 50 779 395 119 235 296 775 827 510 257 844 941 698 243 178 945 248 725 190 763 897 997 846 237 598 353 925 487 585 726 617 152 356 451 200 54 305 149 38 93 497 18 433 572 859 636 45 21 710 907 896 528 287 251 82 563 584 628 201 192 75 704 993 281 984 414 638 106 567 322 783 981 870 693 865 967 912 266 807 761 593 224 436 185 748 70 507 438 559 31 599 509 805 379 702 467 76 122 854 308 61 624 540 855 765 127 860 706 718 418 700 437 979 1 717 161 913 835 574 613 144 751 179 794 521 27 691 380 344 519 302 263 905 561 447 354 829 721 893 66 441 194 456 634 333 630 640 935 111 301 886 915 366 883 156 904 267 416 393 284 160 665 587 722 660 231 168 633 759 933 916 552 944 958 955 98 885 974 840 386 71 42 295 109 171 858 527 312 582 485 604 851 712 699 255 169 184 591 247 427 673 303 49 206 173 494 772 922 191 67 992 621 337 952 476 713 387 442 459 341 918 989 142 377 120 911 130 901 887 756 474 553 619 892 921 41 732 986 462 101 55 741 445 838 163 837 222 991 833 697 117 776 811 113 28 29 221 261 6 791 814 987 549 742 888 304 669 520 568 493 577 148 895 769 492 280 126 529 728 19 204 800 343 94 689 262 7 189 802 607 815 350 452 400 89 677 212 864 635 516 508 799 657 959 902 828 489 385 603 482 875 782 484 110 415 543 753 87 705 170 970 768 643 334 692 644 655 417 659 566 530 78 863 752 900 798 532 132 141 627 64 641 842 85 105 551 784 956 100 625 647 614 108 95 703 135 923 616 964 734 676 275 745 579 408 390 434 977 268 881 457 583 375 654 376 505 330 578 550 894 358 290 340 319 73 754 670 176 128 405 420 269 878 804 719 793 596 332 506 166 757 196 686 317 13 381 789 680 468 331 495 668 227 522 792 57 458 446 731 917 477 2 137 382 694 831 372 198 359 230 947 910 687 271 265 608 157 620 651 253 311 69 946 428 449 588 14 500 23 868 853 938 147 470 397 663 20 62 432 443 862 276 444 825 558 286 847 195 314 289 542 402 781 118 740 822 637 978 68 541 35 490 461 392 213 707 580 581 903 795 288 727 218 867 293 845 809 123 671 678 187 4 812 150 30 475 877 841 849 367 59 957 481 750 72 869 586 569 88 145 557 818 188 650 504 365 526 96 996 299 158 934 143 175 546 774 963 909 523 729 672 15 501 60 223 612 155 545 181 498 990 971 723 537 352 948 363 159 357 383 91 162 44 410 629 11 336 571 140 242 882 239 8 573 939 388 576 836 17 548 384 283 570 355 244 448 518 735 274 407 965 39 890 177 464 453 324 936 639 339 33 961 10 216 249 503 714 534 307 349 193 602 254 790 496 241 346 81 985 744 79 556 524 220 743 245 930 514 928 927 664 954 167 973 667 480 250 219 114 116 623 797 90 214 653 313 46 401 906 662 103 374 832 16 77 874 730 273 872 767 962 931 695 369 555 260 328 983 856 891 63 36 642 429 209 749 471 953 412 830 866 554 632 205 208 823 839 56 306 370 857 327 819 25 479 999 406 499 675 813 575 74 439 129 252 899 610 960 321 104 232 368 850 186 51 146 419 525 606 646 826 762 817 538 335 972 112 787 785 391 547 277 125 40 535 760 394 788 515 309 256 136 908 226 701 294 924 32 139 282 824 348 674 431 24 278 937 258 473 398 738 58 34 469 770 92 609 238 203 715 229 708 739 513 648 115 871 121 107 533 460 133 409 949 291 796 649 362 601 512 378 597 758 197 968 338 995 210 611 164 511 690 316 183 564 236 969 998 102 666 873 982 491 300 821 786 404 724 246 898 264 435 780 594 777 764 450 773 12 240 688 272 318 84 53 138 292 215 131 182 217 531 329 342 228 423 9 455 207 421 536 880 544 364 848 631 816 843 373 876 711 80 48 975 656 403 424 134 733 323 99 565 884 270 320 966 172 351 746 153 810 478 285 47 3 315 600 951 124 165 926 605 454 22 562 225 803 347 425
228 879
218 992
747 869
118 800
159 652
379 858
586 979
301 349
128 453
105 318
106 823
116 470
2 308
150 752
281 386
136 689
233 484
32 439
487 519
339 527
617 814
476 562
44 317
5 375
153 513
223 843
428 715
449 873
209 912
316 782
163 342
115 446
161 974
317 725
736 966
407 985
163 549
213 922
187 322
168 578
228 845
306 813
202 335
178 479
555 820
659 766
427 721
188 769
541 849
153 362
203 860
799 976
387 614
260 772
23 236
179 303
598 965
2 262
338 413
211 600
576 682
623 771
718 830
750 802
317 425
34 780
510 977
392 982
197 791
435 890
303 327
532 657
256 743
422 710
707 983
537 685
219 973
433 607
30 569
902 937
464 669
164 410
635 775
214 936
262 422
81 703
600 943
31 383
712 734
432 898
692 859
198 583
97 302
356 711
123 392
120 706
666 976
78 975
442 802
404 689
423 558
270 334
210 728
504 845
163 235
29 602
441 533
434 961
576 913
201 498
122 321
534 879
480 633
11 340
146 618
463 500
676 774
915 938
333 570
158 712
45 969
79 795
624 680
418 574
380 441
495 741
358 966
38 708
135 189
225 765
141 381
214 245
357 816
124 570
447 874
136 995
502 633
820 979
169 334
684 890
839 949
327 477
105 532
353 872
136 643
76 822
495 661
222 748
26 386
596 978
5 818
66 207
326 839
525 926
842 888
120 183
622 842
821 946
71 760
272 531
475 825
125 277
151 627
149 265
309 418
18 295
239 338
533 859
105 262
204 954
195 354
362 534
163 357
408 948
525 907
488 773
798 969
667 944
639 783
617 740
279 822
698 791
129 974
14 689
160 168
226 459
224 695
613 819
275 563
439 895
464 546
102 818
123 272
278 610
284 373
215 839
219 396
518 539
422 555
193 474
14 82
292 982
269 629
275 803
658 665
125 325
116 559
160 556
655 743
870 956
301 532
69 977
112 716
138 956
450 518
420 479
24 347
311 574
144 559
467 700
368 794
432 493
151 590
409 630
145 323
161 254
24 387
713 744
247 899
133 683
728 889
14 637
267 989
363 772
141 829
23 133
212 551
238 568
533 820
125 429
191 268
771 898
58 119
31 752
187 865
309 638
102 133
83 788
163 473
540 778
532 728
242 986
473 903
340 692
113 479
45 284
216 241
175 599
143 172
296 538
348 799
723 763
128 822
99 478
554 729
628 729
793 825
425 451
847 941
273 819
380 711
536 690
216 747
47 512
290 748
388 612
474 735
573 862
244 686
28 954
629 861
168 389
224 437
750 971
695 869
105 227
494 497
460 577
255 257
314 663
431 933
603 899
477 636
293 904
711 775
222 699
105 563
301 915
484 845
524 860
505 612
687 767
648 905
506 912
296 446
47 768
51 731
395 668
443 982
81 633
301 531
292 508
18 156
363 569
49 418
337 723
170 913
41 752
92 804
448 691
419 801
184 742
110 713
89 423
370 669
402 591
686 707
910 944
167 848
359 513
317 595
603 689
51 290
290 493
313 980
306 562
101 862
41 217
284 573
507 820
309 916
149 839
8 141
134 451
276 900
212 637
165 749
73 864
227 854
250 264
885 910
507 772
251 687
403 781
822 872
49 602
711 714
583 906
89 756
433 790
711 831
221 651
286 416
46 253
237 895
72 271
45 817
227 548
76 715
846 879
254 677
664 739
37 425
314 549
54 347
519 978
81 942
322 529
3 646
378 814
115 478
665 987
163 505
340 909
121 862
426 918
142 269
664 959
200 818
121 702
25 531
280 400
289 515
322 478
359 478
48 586
487 709
244 595
810 852
26 298
130 965
103 962
662 946
714 751
74 660
401 900
142 198
417 462
273 339
640 794
158 332
198 380
190 727
76 968
69 203
454 942
12 232
513 736
303 454
108 993
181 267
452 773
693 896
299 376
8 885
7 656
81 324
308 620
417 995
244 450
382 726
19 832
361 413
322 999
518 952
38 595
138 686
98 934
596 725
690 851
742 799
196 412
444 920
81 217
802 958
190 725
151 267
10 229
165 228
485 562
513 697
633 839
405 764
80 875
196 673
623 754
31 42
701 750
338 912
27 264
411 556
664 667
268 975
149 307
542 802
40 888
63 194
499 960
103 599
643 980
328 562
308 440
948 989
436 544
213 243
228 397
489 517
123 483
685 835
61 519
322 747
260 972
56 59
416 615
472 952
292 783
351 625
623 810
194 908
726 820
637 886
687 888
195 463
505 838
657 956
336 498
641 812
238 401
321 686
217 335
406 775
464 753
335 834
320 840
433 799
184 827
324 809
422 677
214 953
55 366
633 687
482 506
5 408
404 416
292 510
13 999
401 469
42 484
689 891
145 865
36 827
44 652
231 846
90 910
260 441
55 102
430 630
299 470
433 929
829 979
105 410
298 916
126 652
118 478
47 951
329 544
47 402
432 569
244 378
109 703
423 799
228 505
88 608
160 866
591 621
96 761
681 951
226 673
144 743
376 627
6 309
211 573
418 730
700 966
380 691
403 647
530 686
147 246
229 843
162 735
304 798
223 719
741 955
62 783
369 700
491 634
193 718
324 827
527 596
411 782
596 606
265 271
74 451
217 486
231 968
14 845
217 366
124 555
40 514
57 301
41 899
290 616
51 841
522 866
212 941
482 875
183 611
178 277
780 869
389 859
707 734
215 854
698 881
863 946
0 388
383 733
215 541
77 807
364 872
268 900
955 985
311 669
470 509
356 368
148 948
51 845
90 541
566 873
870 978
14 824
108 360
91 626
326 997
110 572
559 756
344 465
226 952
604 780
707 737
261 301
183 394
338 835
330 558
165 373
554 953
381 638
168 212
688 719
24 930
70 847
42 671
33 387
111 802
260 651
808 850
232 842
209 434
77 204
419 942
251 624
32 829
383 585
745 769
608 902
167 872
35 851
142 388
754 987
389 750
261 801
347 868
495 768
546 834
97 393
672 946
181 943
13 351
240 632
388 917
779 840
351 661
254 985
34 515
722 988
104 975
189 383
191 599
96 328
680 832
542 575
5 263
108 789
619 698
207 730
194 973
585 603
42 245
295 807
71 135
80 615
115 687
214 772
363 529
173 972
439 645
141 836
12 349
503 548
503 994
435 769
105 804
411 826
113 688
478 821
540 700
216 339
80 417
20 294
203 592
244 977
303 784
563 828
189 210
825 932
938 973
402 726
545 586
86 137
343 681
514 544
761 844
652 822
2 903
361 778
445 729
39 174
124 728
444 550
538 543
30 797
413 936
134 952
137 288
891 906
228 508
234 886
268 783
364 935
465 581
292 408
128 141
599 620
688 905
16 302
147 820
198 576
191 464
444 665
423 439
251 355
41 198
265 384
53 414
144 748
610 708
737 975
292 475
314 551
32 764
465 712
495 801
470 519
74 539
446 862
266 433
463 555
52 511
73 651
662 822
66 847
41 869
445 544
760 879
47 829
9 842
46 781
412 822
120 945
684 805
467 555
269 802
90 549
615 942
141 865
521 937
112 803
468 841
504 644
337 753
209 842
260 774
307 869
552 565
424 582
348 702
6 908
565 973
608 639
503 571
251 982
615 973
503 628
42 771
366 491
180 533
497 942
221 554
414 927
187 605
676 752
670 989
750 919
160 431
157 411
69 277
215 457
52 848
368 426
90 462
132 593
189 587
368 575
195 697
336 844
183 319
380 451
243 840
19 668
785 974
27 667
225 854
622 646
429 893
96 454
412 660
304 682
2 515
155 483
562 593
373 709
19 492
406 651
464 947
309 911
525 627
246 883
208 558
104 305
297 747
444 672
83 244
90 685
842 934
91 651
772 812
136 672
88 499
86 462
15 206
631 737
459 481
545 985
233 634
40 442
308 489
331 750
132 387
356 932
471 677
595 884
397 813
411 414
177 728
18 839
121 790
491 806
820 974
526 613
457 976
596 679
280 683
61 730
50 66
253 369
618 989
399 874
289 479
25 684
650 696
261 936
311 782
41 739
261 546
17 167
1 465
112 266
27 538
79 539
383 788
546 708
143 285
55 711
723 892
178 827
22 526
11 680
0 735
214 527
530 942
679 745
404 525
846 932
100 862
546 856
670 679
237 979
270 761
219 506
897 999
340 526
673 745
115 946
95 289
439 526
92 673
455 789
97 624
254 896
565 644
592 841
379 735
105 347
300 796
802 984
507 981
289 968
424 463
590 808
356 821
425 904
199 416
420 724
341 435
390 997
118 927
83 98
569 901
54 517
199 658
786 958
678 963
749 961
506 583
558 675
227 899
576 739
190 665
526 934
13 922
75 165
128 328
13 552
702 805
227 677
117 502
508 707
121 741
98 369
102 427
54 397
571 937
759 952
175 192
105 632
8 632
552 901
366 449
102 183
53 947
641 971
403 798
27 353
477 925
98 306
336 544
161 179
222 955
792 882
98 930
69 365
421 812
215 401
678 771
366 653
305 600
36 924
335 357
213 569
197 535
253 759
476 587
232 601
103 682
485 937
636 803
614 845
843 977
347 732
450 542
72 824
361 901
277 793
190 653
95 201
99 226
84 594
229 364
224 835
221 816
60 942
248 459
611 794
79 141
633 917
484 733
299 911
392 681
610 690
533 616
471 951
490 515
6 442
56 733
802 961
132 631
302 920
647 701
457 776
191 351
271 964
219 893
205 724
90 679
542 973
488 766
536 899
432 871
550 653
190 729
348 430
48 440
311 580
213 964
734 833
182 718
21 294
889 891
375 703
73 693
8 322
525 883
486 859
221 646
256 285
605 857
385 805
30 108
93 428
209 649
311 482
41 495
822 857
54 915
351 942
129 724
129 701
3 881
710 969
583 810
835 856
305 712
707 846
357 895
44 834
159 479
495 939
580 726
771 773
34 120
261 677
402 979
177 693
435 612
674 810
241 385
69 268
126 535
546 821
308 764
530 728
462 924
384 471
83 416
922 965
148 155
484 695
35 869
323 879
518 592
484 619
334 794
169 859
82 382
92 634
617 960
82 226
124 872
755 781
563 713
674 941
422 997
305 828
142 480
89 301
10 485
834 985
435 467
286 724
247 440
566 706
350 390
418 839
274 448
10 69
125 318
358 441
706 980
258 967
355 521
507 537
128 354
663 885
595 989
671 993
61 570
276 854
321 454
161 717
152 545
198 708
716 892
69 748
56 909
95 187
28 886
198 504
527 712
199 287
118 590
307 997
174 835
211 776
470 556
588 969
580 682
54 769
676 909
561 817
92 185
278 427
222 808
381 421
81 617
92 338
19 275
364 862
239 716
278 994
452 852
34 623
210 507
148 634
468 679
212 429
410 564
49 401
221 491
159 423
769 924
407 987
352 650
549 570
244 917
212 376
355 962
385 773
482 985
490 792
820 937
523 879
65 348
340 722
218 908
93 984
13 715
191 679
112 319
554 964
19 82
99 679
86 756
272 772
620 847
22 571
200 946
30 453
320 871
304 348
382 827
851 893
247 871
300 902
216 425
498 709
647 939
305 723
204 409
289 608
477 980
484 966
217 662
758 872
461 542
96 289
156 197
735 892
176 207
143 518
148 402
234 872
81 881
275 713
188 516
631 908
253 382
66 254
288 843
73 119
681 825
288 792
16 545
105 514
109 394
545 711
9 542
153 944
132 568
672 737
108 803
720 815
747 852
499 772
582 785
9 580
33 551
255 812
537 598
111 868
45 459
390 435
91 281
152 959
531 796
482 820
223 603
213 650
116 142
656 904
177 314
848 897
22 753
90 690
410 547
218 585
350 381
149 723
333 839
452 963
635 654
154 417
138 932
339 513
441 758
146 754
307 570
438 689
82 315
103 716
714 789
629 972
468 490
236 715
721 866
307 351
319 411
198 396
634 670
56 113
15 71
555 621
986 995
19 654
279 755
285 614
264 871
222 659
114 138
723 962
891 923
6 408
220 582
4 889
481 834
28 171
469 471
486 792
346 510
379 748
405 649
760 891
649 862
433 865
91 141
379 422
27 828
274 965
294 617
110 383
377 981
317 375
568 962
131 427
16 614
105 884
362 479
322 540
475 592
89 233
89 952
113 279
528 579
170 514
56 324
214 652
112 156
542 916
93 813
449 704
569 651
205 579
68 383
780 873
501 679
71 777
589 636
97 650
180 979
224 345
328 802
124 538
732 799
148 899
493 716
171 667
331 650
106 385
59 612
719 866
166 636
58 395
954 964
422 956
3 729
727 742
547 679
133 520
247 626
154 258
444 667
408 780
129 935
664 808
383 498
730 992
437 570
387 751
550 826
111 519
226 624
465 883
571 979
249 372
634 932
370 385
547 815
68 468
48 811
271 494
406 731
446 609
111 326
36 204
357 757
419 434
212 334
142 694
48 117
89 899
116 676
63 857
112 700
210 546
565 936
146 288
73 143
788 878
93 543
204 244
269 993
261 552
114 818
279 681
99 547
167 418
148 413
600 931
601 946
144 172
84 496
557 924
164 561
137 769
2 288
703 891
90 833
457 463
292 613
856 907
445 680
166 454
184 234
623 779
30 851
628 973
62 182
250 557
57 526
72 338
774 786
218 361
84 446
392 676
693 715
836 934
392 706
599 876
486 657
75 474
81 150
266 297
290 363
619 851
364 969
399 666
305 923
6 742
471 472
161 909
248 560
906 909
473 864
109 187
23 506
227 753
400 652
43 594
266 624
207 889
393 541
162 341
91 124
196 992
596 752
711 869
161 886
257 516
83 920
431 923
260 845
494 856
490 887
306 944
72 136
584 821
72 419
378 517
53 212
522 690
693 870
62 797
416 844
254 633
30 957
317 365
275 456
638 679
180 972
102 288
158 409
287 663
745 759
190 349
454 707
335 931
494 595
610 669
766 849
88 288
387 509
75 536
200 594
125 192
201 872
270 679
336 581
249 541
853 995
123 337
276 598
592 601
104 534
478 816
173 983
88 131
349 845
747 827
709 898
210 543
22 688
168 901
783 955
85 468
264 513
392 914
68 965
289 676
68 280
745 981
235 541
148 200
145 731
236 966
521 840
284 729
46 461
129 706
243 299
603 605
347 644
13 517
632 956
42 49
620 891
170 969
374 692
125 229
155 678
488 642
14 806
735 738
581 892
30 98
221 644
579 764
394 638
615 892
327 542
565 646
523 830
110 925
461 581
500 651
342 962
489 849
615 979
136 215
380 547
107 688
148 597
97 926
806 943
658 808
202 251
744 771
466 909
355 700
541 669
280 597
268 349
24 927
13 658
333 928
504 691
224 989
619 802
183 401
10 850
855 958
410 502
632 856
418 847
0 941
239 357
646 994
456 467
115 592
546 993
571 751
58 331
730 951
88 747
100 748
181 645
446 900
7 231
138 341
658 866
291 646
66 614
346 593
212 511
114 535
85 305
57 361
237 746
633 960
7 473
189 684
82 831
365 391
150 452
838 853
189 288
322 702
663 812
337 524
63 231
425 784
286 775
382 807
163 771
619 780
451 681
818 836
382 618
715 827
529 875
399 841
65 468
127 552
145 915
48 785
399 647
725 988
30 673
72 449
452 471
121 889
602 934
378 629
409 855
162 759
25 307
86 195
586 810
428 685
254 398
664 919
208 438
118 456
200 692
523 826
811 849
40 311
213 952
210 558
227 912
132 852
475 771
313 573
260 439
140 245
17 225
87 504
197 435
93 985
67 467
652 957
105 556
363 504
777 851
415 941
710 835
256 849
458 481
432 687
185 866
176 459
24 838
11 933
645 943
143 691
374 556
190 776
790 805
732 882
254 962
408 789
494 573
203 759
74 87
252 347
631 665
281 308
178 596
538 777
204 494
439 655
306 690
128 892
246 942
130 651
616 968
53 257
234 939
508 697
494 802
217 755
474 707
296 611
123 849
31 820
686 970
479 610
225 866
340 728
149 457
243 849
884 979
274 839
883 945
128 232
31 793
498 789
53 604
99 539
255 464
355 500
421 715
29 589
741 842
6 525
641 824
196 893
246 998
666 903
277 444
278 752
73 269
81 367
590 819
61 962
372 870
282 378
97 596
145 177
477 736
14 653
21 752
37 893
631 891
327 920
794 885
742 761
719 985
590 806
389 712
165 410
211 699
145 375
482 897
119 260
390 440
611 908
476 498
458 518
249 685
195 236
40 242
53 471
336 392
266 342
514 659
843 961
26 222
445 561
90 365
225 510
275 812
337 733
235 782
233 355
132 671
101 316
110 458
749 797
5 233
798 866
702 947
321 848
422 570
965 969
32 902
165 188
849 984
378 842
181 415
489 746
187 737
652 844
332 543
27 128
154 653
708 965
4 510
81 714
558 995
675 696
381 850
4 457
372 489
524 881
411 714
104 545
298 959
33 705
54 330
629 973
107 919
62 712
564 654
535 966
212 550
108 486
416 601
193 825
42 197
438 919
560 579
43 548
643 727
519 886
1 553
650 677
42 679
327 972
171 906
32 906
49 309
438 951
113 256
151 777
90 300
18 148
262 675
556 841
213 461
52 207
228 449
85 255
425 477
191 596
45 129
392 921
273 275
265 810
489 897
289 745
150 455
204 821
365 628
569 889
339 446
273 908
116 490
202 859
301 486
422 446
34 212
315 890
59 224
176 367
350 899
381 548
927 942
503 851
535 609
292 303
798 917
85 347
370 920
249 505
77 234
519 836
23 203
202 490
299 445
110 731
250 634
69 133
206 246
149 842
344 392
478 924
402 632
54 569
19 984
159 391
365 701
115 202
806 882
703 721
782 848
62 893
97 897
336 702
633 873
573 908
102 595
76 885
539 793
158 735
728 838
366 486
504 534
441 808
655 761
560 868
330 938
549 716
297 879
237 409
65 559
443 911
114 772
285 621
823 951
880 950
136 753
241 814
420 567
677 767
286 831
526 555
844 914
13 634
255 415
857 971
99 504
194 511
601 736
398 993
246 269
414 743
259 981
76 152
393 554
867 921
182 613
311 828
6 141
674 679
242 895
92 497
287 296
367 559
64 301
290 778
412 527
465 874
534 722
351 419
595 883
341 858
148 489
457 900
377 767
539 784
242 531
358 772
517 558
648 835
273 743
274 511
97 301
132 797
650 720
335 496
228 905
224 587
203 393
279 566
32 152
507 757
194 496
168 273
528 991
35 855
21 321
680 719
435 472
321 912
553 786
312 621
839 930
481 979
106 934
146 424
220 247
228 855
488 655
73 908
556 799
13 356
483 968
325 671
279 541
59 169
231 742
159 497
177 283
667 819
501 632
289 635
593 679
404 660
657 945
536 559
510 540
386 681
264 806
94 330
274 856
130 399
116 683
218 604
5 442
482 941
47 717
516 842
63 731
269 829
828 925
414 496
14 284
65 483
94 456
801 959
723 933
199 929
267 955
519 569
200 575
176 383
856 935
81 604
375 789
467 984
430 761
16 773
662 811
509 817
395 543
288 737
48 971
307 598
164 839
773 796
521 867
346 563
367 952
86 952
276 604
404 992
587 886
38 731
62 126
306 812
47 350
474 674
355 619
617 784
50 924
504 790
231 917
146 380
212 738
428 707
46 287
162 812
32 228
805 966
775 969
61 469
785 982
59 862
89 220
42 587
316 950
369 898
268 799
812 939
296 489
474 816
358 613
120 534
120 943
309 548
50 373
804 921
31 428
236 889
289 629
399 750
174 590
130 230
432 799
50 541
554 601
367 677
144 485
595 772
28 249
650 993
240 587
121 919
581 605
527 996
710 858
792 972
316 490
134 934
193 588
215 625
289 311
891 938
390 426
807 905
414 810
81 966
584 750
297 797
68 85
309 403
133 711
306 720
244 762
368 496
146 905
173 695
447 867
959 972
465 674
468 772
12 543
624 662
54 322
98 564
330 764
590 660
261 272
544 735
235 355
276 465
185 339
14 94
461 856
51 914
179 339
709 820
268 909
16 370
295 621
734 822
588 607
301 690
391 942
495 545
442 461
73 313
407 562
325 988
514 556
68 92
128 770
17 314
432 778
5 404
11 625
815 993
581 867
524 987
724 796
132 270
329 372
439 612
195 476
505 585
373 657
70 404
84 396
628 895
528 942
344 368
470 790
50 688
291 300
729 863
335 647
248 389
257 821
230 231
225 248
209 640
82 528
585 694
608 805
257 668
336 678
478 843
158 972
481 864
109 518
119 278
172 469
409 826
319 630
656 765
268 871
373 499
357 743
83 254
246 996
42 552
41 431
196 291
69 345
64 403
126 361
471 546
433 642
4 28
468 578
273 830
220 368
184 782
752 996
145 709
853 950
548 624
202 723
316 625
220 697
693 791
476 840
196 930
513 525
102 302
60 220
723 888
291 838
233 911
230 311
223 747
632 673
847 962
62 137
454 902
346 557
57 69
9 954
226 346
263 817
541 817
558 818
579 944
400 477
435 678
164 797
177 525
52 564
86 761
310 608
228 396
320 433
507 962
24 974
217 295
370 970
256 809
574 820
32 401
503 608
483 763
8 298
274 385
78 308
351 547
526 590
329 502
603 817
259 682
367 752
120 266
136 660
449 893
100 678
257 564
222 680
226 396
136 373
567 718
719 952
57 789
69 76
3 908
51 211
192 868
457 862
476 909
507 540
124 326
312 347
491 643
869 915
156 162
492 696
56 932
114 919
723 890
258 689
607 747
231 232
783 863
534 570
124 355
412 827
317 713
5 837
197 580
339 665
580 585
214 668
362 535
313 585
867 875
311 697
161 681
233 383
69 536
48 124
74 411
207 859
733 980
243 716
686 857
280 382
326 843
20 723
599 786
612 875
262 952
240 402
505 516
300 682
154 360
534 759
67 796
558 771
140 519
309 873
270 353
311 573
89 181
40 229
28 135
361 717
68 504
679 854
64 214
118 217
352 570
864 955
222 657
241 272
99 710
394 894
92 639
396 515
294 536
18 719
313 919
652 771
284 893
319 615
332 653
1 733
632 795
466 647
891 932
705 773
141 232
342 951
532 995
302 975
50 85
606 798
121 897
297 688
86 697
392 733
355 516
576 665
62 161
85 345
116 751
795 934
301 437
426 698
753 983
209 301
337 714
180 500
474 972
880 884
476 684
532 611
414 565
90 326
93 883
596 648
102 253
3 522
392 851
325 695
4 216
52 352
404 704
160 179
129 141
331 828
296 375
446 870
49 704
829 868
40 131
282 342
307 683
232 304
40 143
511 954
71 594
700 938
763 773
56 687
661 768
208 493
488 786
430 534
22 486
267 450
394 679
563 910
958 962
28 457
110 599
536 858
469 840
68 409
437 678
32 432
589 812
560 989
217 732
196 386
954 991
160 805
472 577
680 869
822 950
404 735
179 205
142 355
758 832
631 913
276 688
692 861
982 992
421 813
541 796
434 634
486 584
331 994
402 875
388 539
258 434
78 770
457 902
222 806
272 785
481 904
572 948
227 259
146 447
154 786
210 420
30 290
94 271
447 902
630 713
15 341
92 359
838 897
562 692
238 637
128 641
657 993
78 688
117 737
64 450
629 760
516 774
90 965
314 429
875 891
340 528
86 348
706 961
334 795
15 758
107 477
901 931
44 636
95 131
181 231
328 513
377 690
309 567
828 901
378 734
577 716
384 690
139 928
506 842
844 861
695 966
595 754
77 248
91 340
625 724
464 862
145 847
610 911
514 725
330 536
304 329
20 361
446 485
657 946
17 850
395 831
494 632
167 907
382 411
53 948
2 601
510 593
577 899
77 399
437 760
523 878
457 729
443 871
71 935
298 385
476 538
555 782
106 880
430 659
474 586
377 895
607 953
126 246
38 530
65 594
82 921
1 380
68 795
259 311
217 608
262 483
262 604
513 647
326 362
213 455
66 242
866 951
289 657
40 219
544 868
684 951
129 224
811 980
248 755
127 214
222 870
539 885
95 853
20 977
519 790
772 955
410 833
336 400
431 496
414 569
358 411
933 957
5 167
313 667
609 710
521 653
220 844
428 956
710 913
227 815
574 860
414 986
253 569
594 692
110 701
552 767
573 921
316 574
485 658
364 728
347 674
248 724
8 826
38 459
586 961
474 925
415 543
71 119
309 667
417 577
813 916
88 256
102 186
701 903
122 335
193 827
242 273
755 953
100 329
399 972
501 602
311 353
263 354
841 904
486 581
249 611
35 623
865 869
67 863
240 531
441 688
773 841
209 628
588 701
54 538
114 220
486 620
210 361
4 960
48 134
569 838
66 821
635 650
262 291
52 545
330 864
1 598
323 405
304 719
187 307
59 869
705 949
201 945
377 626
612 768
198 660
267 611
93 186
693 903
40 208
494 675
599 791
68 144
121 499
27 364
670 888
369 749
483 904
128 819
522 637
457 499
153 697
485 722
316 676
371 472
300 754
390 949
481 538
101 630
61 73
518 571
229 728
147 848
324 346
231 666
342 713
203 585
359 952
361 515
375 610
197 700
294 664
286 936
36 955
392 474
82 550
134 221
91 739
645 898
553 666
367 961
168 518
791 841
301 338
388 465
863 998
46 668
114 417
326 401
433 953
536 931
568 828
117 253
250 965
521 781
235 400
563 887
94 874
877 928
268 668
451 967
347 755
59 335
287 470
213 815
314 550
653 667
290 861
320 338
452 767
229 290
239 440
79 664
454 764
192 694
551 691
461 608
358 761
392 577
334 346
88 856
115 388
108 477
470 649
496 881
25 67
69 897
556 573
132 658
329 380
377 943
807 839
329 695
35 277
771 778
578 860
4 528
445 663
134 734
299 676
365 637
785 876
160 849
443 594
23 418
533 737
90 502
564 830
93 183
313 911
192 692
350 741
685 794
149 773
215 543
182 722
621 961
431 870
28 795
465 804
38 827
376 401
152 201
713 718
488 718
84 990
211 748
95 774
757 921
181 270
954 977
58 222
524 845
738 968
259 297
813 954
148 203
854 995
515 862
249 306
332 533
650 977
339 957
107 800
113 258
30 845
260 454
117 397
223 540
156 326
815 874
228 295
471 488
272 882
19 248
234 672
895 938
31 36
259 429
553 555
316 420
287 993
29 790
850 969
587 708
778 998
189 266
37 813
32 148
869 923
353 429
751 915
686 838
55 975
48 672
120 880
59 87
643 887
330 691
196 444
482 649
579 802
169 678
319 912
765 794
414 648
621 815
330 467
805 878
476 747
426 719
255 290
29 476
133 950
90 798
309 408
445 808
727 822
140 932
795 945
566 593
364 961
159 638
27 144
544 953
256 811
5 738
237 908
131 662
484 955
459 641
128 821
734 735
172 190
293 630
248 515
151 706
205 253
340 434
70 402
547 907
208 451
779 884
418 941
614 655
63 224
837 852
70 138
650 812
565 643
404 910
227 489
247 489
221 424
224 378
401 793
238 826
469 877
737 855
66 762
86 484
435 558
160 948
155 480
556 651
193 296
226 590
313 459
188 212
15 193
324 638
737 981
29 755
169 328
54 199
664 786
305 525
227 390
131 911
480 894
505 532
318 435
163 511
260 841
469 564
733 741
126 356
822 975
125 185
309 379
99 106
718 892
388 497
500 920
2 672
135 912
459 918
131 582
383 690
145 953
464 867
211 565
196 348
0 820
111 182
478 706
685 710
84 713
5 226
603 965
120 271
388 734
443 906
280 369
92 971
365 600
17 859
442 487
502 506
52 907
624 779
792 866
302 355
90 153
289 356
388 535
610 700
77 409
203 385
497 682
624 853
247 367
65 847
361 952
500 502
301 900
271 971
14 570
356 511
313 742
149 284
529 659
270 606
11 871
103 473
269 585
220 574
132 150
119 802
409 769
368 953
841 961
727 995
250 713
167 692
480 690
442 879
157 901
118 603
263 358
159 999
831 918
184 334
417 489
889 938
407 618
946 979
484 666
65 523
181 182
661 973
465 714
243 768
155 596
228 856
188 489
425 749
158 364
386 418
38 272
384 662
256 968
376 436
17 734
21 891
312 969
21 59
186 665
431 767
47 249
535 967
28 236
571 738
178 272
919 981
88 376
100 210
229 781
81 799
333 365
31 288
210 919
522 814
405 482
869 947
332 864
255 439
154 764
11 520
200 452
578 646
230 680
788 974
217 688
134 424
752 796
419 706
382 513
212 261
578 948
411 675
658 659
773 940
3 744
196 320
482 495
606 786
988 999
57 195
223 724
518 569
646 987
178 933
740 926
21 343
619 747
84 972
38 787
340 924
55 443
131 981
841 915
79 433
63 871
102 976
160 712
856 993
479 662
746 974
110 483
81 151
179 930
753 924
174 672
105 386
564 927
120 417
131 149
667 781
310 771
527 592
440 695
622 835
146 680
497 738
72 787
656 910
164 502
156 367
14 453
404 951
303 417
203 644
85 397
429 666
338 998
87 366
420 512
607 765
817 929
199 891
7 440
483 641
227 636
95 390
207 749
73 797
62 561
6 326
183 879
249 705
218 268
335 352
572 993
143 799
446 685
769 830
678 862
264 478
568 736
424 705
438 903
485 781
88 868
442 589
777 859
273 573
673 804
451 932
244 567
495 503
123 348
293 838
207 553
107 977
210 883
782 997
265 771
775 898
148 601
174 910
828 935
503 858
270 928
214 919
53 683
445 504
73 395
515 943
928 993
490 952
131 416
224 317
118 210
471 795
531 829
175 447
323 454
119 809
221 603
510 767
591 748
156 365
255 893
644 980
432 755
213 702
323 689
92 320
63 75
500 701
104 916
81 681
822 902
118 786
100 955
433 795
11 313
33 275
51 560
285 367
218 886
139 473
220 977
205 829
331 743
830 884
184 535
920 961
195 677
288 752
359 756
163 730
125 533
559 941
761 858
244 524
354 828
153 220
141 934
153 273
202 575
153 528
432 934
334 529
158 747
360 644
100 557
50 190
590 764
634 723
40 939
590 906
767 960
323 427
572 690
250 490
7 885
77 864
89 281
199 622
616 780
353 461
117 411
0 996
761 849
782 911
52 443
4 285
0 839
397 569
664 773
138 669
143 795
75 417
262 985
199 887
12 622
416 718
221 334
559 951
267 918
511 624
531 831
597 905
603 846
264 774
339 740
63 272
447 849
264 955
246 275
41 761
40 388
442 540
87 570
636 819
19 983
125 867
244 743
160 322
608 819
416 957
678 968
193 658
522 621
49 323
209 614
403 927
90 957
248 524
560 886
454 984
465 898
264 817
165 640
487 496
230 419
66 249
521 658
374 414
124 722
351 660
125 925
68 823
517 691
725 878
263 724
13 246
236 667
424 527
263 767
939 967
1 249
81 977
175 322
77 603
15 520
504 601
130 556
5 510
462 517
419 891
474 483
459 608
480 904
468 696
259 292
118 221
153 639
384 579
381 673
219 238
58 504
397 528
36 410
167 972
186 436
636 830
602 732
437 701
359 680
746 908
851 867
205 623
226 247
30 824
282 349
605 623
412 939
190 209
1 21
256 898
149 184
299 545
661 775
277 964
322 938
430 900
369 794
122 303
200 543
873 881
260 637
928 937
33 863
645 663
593 702
340 644
362 981
35 916
112 224
191 564
167 844
594 750
869 924
9 793
14 128
66 773
331 551
818 902
480 559
88 164
800 830
144 341
407 893
132 869
351 542
659 741
62 266
620 640
745 845
189 281
3 56
142 845
3 936
18 870
230 951
26 219
314 412
34 824
620 942
773 956
273 956
280 868
514 832
86 119
539 852
53 854
974 990
669 876
690 800
350 770
776 779
118 408
676 716
430 807
21 532
555 718
25 697
171 519
179 637
224 484
135 843
347 897
561 681
119 373
260 508
701 943
34 817
306 597
960 989
513 774
216 593
821 842
752 980
320 573
287 708
774 837
1 685
597 959
686 783
200 526
399 454
220 481
70 799
341 932
548 716
98 204
380 804
529 557
126 789
74 741
311 985
907 953
644 754
116 355
170 810
290 727
283 539
188 797
278 435
281 560
594 901
87 426
239 244
301 735
139 225
70 117
257 992
354 680
102 683
531 626
13 477
243 301
537 556
283 739
210 742
170 680
268 778
181 589
638 758
510 881
199 499
285 446
87 762
431 930
660 867
240 419
328 530
929 989
223 459
154 362
287 468
890 942
340 986
130 333
734 983
188 412
457 659
401 884
50 271
267 700
48 642
302 949
257 309
24 169
7 998
792 845
466 805
556 709
131 868
76 732
663 741
635 862
572 817
275 375
439 788
508 611
294 391
167 386
390 731
653 742
164 740
314 782
304 742
173 220
516 996
116 261
705 842
258 548
181 796
296 503
324 956
330 457
534 881
667 797
440 485
38 458
161 434
410 921
159 251
688 694
385 544
99 918
729 969
321 477
223 434
861 922
471 660
62 215
56 422
620 760
99 606
79 800
119 723
31 34
380 495
325 508
679 829
194 982
426 695
345 686
163 302
26 614
759 771
655 733
617 920
230 367
194 213
934 978
348 536
330 343
84 252
219 968
322 991
31 539
942 946
497 933
78 837
70 472
387 521
14 831
510 539
303 415
1 242
925 966
72 741
388 599
85 899
185 955
122 427
171 684
36 189
58 781
360 745
189 536
215 454
524 832
189 647
354 715
548 985
269 642
444 718
93 750
18 585
547 721
443 893
564 588
598 968
297 528
309 874
674 891
321 417
16 696
509 906
365 973
57 858
65 135
142 805
23 863
371 776
149 835
417 697
284 786
329 667
390 587
296 924
291 312
149 796
35 590
89 586
60 170
486 597
569 792
234 752
110 683
14 916
484 705
437 940
365 902
332 603
63 280
575 610
346 667
112 904
456 853
72 200
198 473
765 837
807 959
90 583
300 939
181 844
357 644
296 890
353 624
28 614
634 929
744 749
629 707
459 528
140 862
306 634
442 770
612 918
280 422
89 687
272 407
526 683
154 489
216 394
470 855
439 633
143 616
312 624
343 991
751 785
44 349
565 997
251 586
469 638
289 937
438 673
952 970
238 697
380 968
172 766
80 366
68 911
364 609
393 818
170 542
326 620
451 638
443 933
965 996
443 995
82 732
68 301
128 835
534 831
418 810
215 595
362 613
695 769
514 664
522 960
102 961
36 599
672 889
448 761
28 767
633 703
312 813
732 829
670 809
438 521
423 934
433 981
77 165
88 128
241 972
354 432
121 997
220 548
184 658
671 920
291 444
246 404
542 605
165 170
239 464
139 359
665 758
403 939
78 369
132 407
403 495
95 899
22 943
325 423
150 444
709 752
453 799
81 638
700 715
104 836
575 812
167 982
367 872
586 970
347 365
85 872
176 936
644 798
63 229
71 504
170 556
297 904
329 641
17 141
295 460
173 824
850 942
252 935
184 941
419 469
265 308
286 688
233 920
517 723
920 988
249 285
367 446
666 733
177 391
609 662
254 923
114 889
429 646
263 838
423 593
65 284
74 295
106 285
170 914
653 695
139 141
444 487
36 225
66 430
662 779
81 805
101 111
774 938
353 563
214 753
266 622
91 379
83 832
469 503
161 238
209 881
65 810
247 485
181 410
445 623
95 188
259 735
446 831
180 736
182 905
484 947
21 139
120 158
128 857
764 987
428 723
348 831
144 985
223 848
75 503
417 722
518 832
14 616
125 749
176 939
770 855
130 306
98 896
715 728
310 357
63 174
677 781
12 162
220 732
135 509
436 569
156 304
201 715
169 755
271 398
394 537
77 842
478 862
822 904
161 709
267 845
761 841
108 416
14 578
674 982
366 913
498 729
434 457
91 599
163 919
377 534
529 728
717 721
135 846
233 338
627 983
341 878
384 618
775 875
488 525
149 749
548 853
320 797
54 984
270 632
615 618
499 520
139 638
162 840
678 736
114 413
22 932
759 850
908 978
377 757
111 215
288 478
253 656
58 233
423 769
183 196
141 713
673 894
170 310
731 809
343 936
416 924
844 999
146 375
229 777
425 593
301 966
516 520
283 331
142 481
599 856
307 411
685 965
146 504
442 763
198 453
322 662
633 984
18 957
516 802
226 729
212 672
25 333
262 729
57 873
32 921
110 715
165 726
256 640
412 839
96 384
704 778
295 934
883 975
29 363
167 927
378 776
234 374
729 818
384 434
171 262
344 922
36 180
873 922
113 175
218 881
439 718
300 923
793 835
154 511
323 639
52 685
186 877
751 941
238 590
712 972
533 791
340 875
134 960
205 665
320 454
124 380
645 772
635 892
695 888
236 694
306 424
225 240
254 946
519 692
495 566
245 413
137 768
511 752
83 232
80 431
28 627
796 939
203 528
606 754
198 258
15 815
160 814
6 22
707 720
132 349
216 517
395 992
126 658
200 866
235 413
234 618
428 681
35 223
485 582
137 294
128 749
391 529
61 81
340 582
472 771
112 142
58 434
504 645
103 623
533 973
335 534
760 924
35 871
57 941
799 992
519 815
285 589
412 637
770 787
321 730
677 859
128 203
579 761
47 495
372 469
168 562
593 963
64 212
264 580
619 691
336 408
54 491
203 703
1 815
424 793
22 570
309 434
651 989
477 897
92 918
475 827
109 279
413 769
306 911
152 644
674 951
365 386
471 659
172 989
379 655
99 566
429 847
407 837
269 664
425 817
6 216
802 809
366 929
347 641
193 996
53 147
21 259
25 240
502 883
613 936
253 978
577 804
592 646
381 719
249 969
252 740
214 826
486 897
131 141
116 938
192 564
381 467
784 877
459 666
295 837
56 941
172 886
351 711
30 258
424 844
119 966
880 948
102 771
694 841
4 586
404 838
705 718
700 858
637 904
204 341
276 563
233 814
149 753
747 748
324 579
260 293
189 476
771 905
221 850
604 906
528 863
781 800
686 823
491 814
5 32
313 810
282 886
1 880
179 614
490 590
1 726
724 760
94 107
95 814
139 969
457 686
421 596
403 565
269 794
696 851
407 414
118 896
393 413
737 769
2 951
427 954
419 829
14 656
93 972
82 369
376 605
394 449
582 883
522 766
219 313
38 597
676 729
189 691
644 659
368 577
502 588
481 588
21 861
37 980
105 412
538 757
292 495
24 626
608 930
20 115
630 770
352 946
79 258
366 499
8 49
907 942
544 583
503 781
652 926
211 420
803 842
282 730
820 846
609 676
384 750
344 808
173 194
199 822
391 476
752 934
522 713
124 294
648 782
408 491
147 804
40 85
156 531
48 209
169 942
542 920
485 656
245 346
328 816
217 651
193 241
814 821
147 770
138 317
539 906
635 694
362 466
17 287
72 827
447 651
224 651
20 961
294 974
258 965
200 377
599 706
497 529
0 470
541 654
668 944
255 324
888 999
458 953
196 366
414 790
666 943
74 635
471 531
106 411
147 481
165 462
303 883
143 815
802 904
137 291
441 599
760 938
521 642
0 103
5 682
225 559
380 511
249 434
370 537
601 895
165 374
58 432
422 519
757 910
382 965
152 202
77 504
160 974
15 159
83 994
520 698
99 185
19 305
117 485
57 321
208 384
26 685
906 970
152 385
548 825
205 790
566 741
608 793
238 711
487 600
60 403
222 308
245 312
257 443
191 483
793 866
118 938
3 268
203 207
266 422
103 763
157 736
594 821
178 352
206 630
164 688
99 686
193 390
9 361
217 233
244 866
204 466
66 621
166 695
134 147
184 829
125 459
118 516
44 725
47 177
417 474
359 767
78 320
162 386
519 595
189 643
937 969
345 431
15 406
496 940
839 948
8 56
81 540
120 387
73 978
73 130
57 898
421 535
34 791
79 465
393 914
7 887
64 552
260 631
611 682
284 337
308 462
458 532
83 719
233 966
273 574
59 805
230 634
326 366
846 861
581 622
167 976
213 364
11 879
388 451
323 435
577 901
346 550
158 203
604 634
740 931
71 615
284 949
165 288
396 527
824 943
129 176
363 523
479 722
105 588
588 778
33 875
203 244
309 556
542 809
419 851
99 323
330 747
471 939
404 552
207 509
458 963
306 699
238 418
76 719
316 628
754 855
541 606
552 775
555 949
72 324
287 822
123 748
457 850
592 693
575 980
400 637
120 428
337 404
249 930
262 705
285 704
103 824
40 424
60 586
10 637
43 779
370 428
694 902
73 695
196 586
61 357
160 916
379 741
558 799
46 922
138 837
105 871
145 790
639 960
281 846
636 955
387 856
199 666
92 710
343 954
239 781
179 873
505 862
736 852
303 590
284 807
62 802
268 973
230 996
92 472
280 859
545 817
591 830
191 932
532 966
545 588
1 330
753 926
658 766
712 814
52 526
2 716
581 806
607 930
513 950
139 424
693 877
30 537
91 278
291 961
225 314
591 923
80 717
353 825
744 970
190 436
67 427
221 443
57 728
312 482
11 800
543 990
873 937
808 897
397 430
9 767
80 929
225 746
876 909
219 413
342 518
108 763
103 260
99 335
300 544
51 242
486 680
64 413
333 598
253 922
615 859
23 993
313 703
401 646
168 326
101 810
44 623
289 862
665 985
115 698
524 923
199 690
73 905
571 853
665 924
395 539
165 912
503 745
54 124
416 752
19 391
54 279
221 398
30 985
601 798
635 896
365 824
206 350
696 923
447 695
274 662
523 690
400 557
788 832
177 193
38 687
30 269
436 876
177 707
140 363
498 991
265 317
848 945
798 988
272 293
39 342
195 442
397 545
176 212
573 824
281 360
3 346
632 875
709 871
59 688
88 716
195 489
218 684
578 965
679 921
450 739
91 603
173 758
310 664
708 870
354 603
8 186
127 168
450 764
522 846
238 604
133 319
207 495
409 667
295 858
525 779
197 801
155 460
488 864
29 128
659 956
304 665
717 826
337 715
238 867
149 584
248 762
705 914
205 923
55 118
971 976
48 866
126 611
229 422
228 463
281 985
806 912
643 704
835 841
589 688
557 886
208 878
896 949
629 821
31 358
360 386
200 229
903 959
107 841
800 832
326 775
608 667
370 590
496 800
69 505
325 553
470 706
118 517
316 319
613 670
112 352
357 818
194 417
291 640
100 277
558 669
473 596
312 314
530 941
586 728
62 877
339 953
177 470
471 712
419 530
118 841
110 580
530 883
542 813
702 867
374 947
91 573
656 786
374 437
552 740
109 367
528 569
17 299
444 979
522 863
23 421
592 901
247 709
752 947
654 930
263 465
537 699
369 668
110 550
535 881
450 822
346 891
800 906
279 925
66 488
137 671
757 874
253 649
153 378
119 716
141 202
212 389
74 155
569 572
148 969
41 683
708 842
363 780
350 701
562 774
537 634
215 318
649 923
151 773
95 822
148 958
201 729
366 891
71 791
425 569
330 494
9 325
444 635
492 528
830 942
520 866
120 780
424 444
201 257
414 981
96 975
415 929
305 650
473 770
444 496
536 731
387 549
257 500
545 895
110 604
134 890
111 839
296 869
129 738
519 895
198 508
370 575
552 822
107 933
300 819
586 849
553 804
44 929
360 742
197 983
152 963
190 940
842 968
67 513
220 457
852 864
460 821
8 921
170 965
61 579
171 270
142 749
120 951
39 810
558 742
247 612
372 497
684 835
703 755
572 869
75 663
66 885
342 708
387 540
259 447
771 872
720 925
92 317
751 819
541 566
552 816
240 612
90 931
486 663
435 793
47 407
347 507
446 558
251 737
144 822
163 570
184 445
795 927
431 624
310 797
206 805
152 664
643 758
678 952
208 425
872 972
737 932
679 912
265 522
367 480
244 733
170 419
435 610
206 848
572 835
114 663
10 594
434 925
64 217
350 388
73 993
251 861
590 804
619 941
121 744
909 970
68 256
53 334
93 844
642 950
279 820
252 623
44 863
226 631
391 410
379 981
28 692
228 451
514 970
843 934
46 786
317 985
178 574
41 730
182 839
64 698
323 893
644 876
23 413
697 789
210 851
101 746
32 175
354 893
72 82
257 901
127 767
375 425
547 611
40 675
863 875
42 577
713 883
709 985
292 725
77 806
115 644
567 752
121 791
576 719
504 681
29 121
152 815
248 338
589 929
435 704
312 695
359 684
265 800
530 952
371 901
505 762
327 779
32 402
252 796
148 610
52 210
516 681
127 583
812 883
225 658
597 764
435 886
400 562
290 453
530 805
424 831
530 541
504 576
302 718
843 886
249 507
72 935
365 477
907 970
217 506
637 858
456 745
512 856
99 498
348 682
511 863
169 712
300 906
346 515
545 802
182 741
57 458
538 811
201 963
336 741
345 841
102 831
18 846
74 594
401 764
127 251
64 916
190 639
126 724
208 408
147 876
347 847
93 719
361 828
367 581
623 634
383 617
379 433
485 831
136 928
332 991
561 790
456 533
208 473
29 770
912 970
475 932
118 959
107 493
167 854
56 982
146 619
33 861
498 589
219 573
339 997
293 338
878 911
45 821
105 689
58 554
214 395
215 248
213 406
61 303
257 345
321 761
317 668
161 197
287 372
592 783
183 473
679 941
311 690
401 425
27 638
507 789
201 240
917 924
280 642
116 453
108 967
282 497
290 896
19 105
179 215
572 859
295 328
306 406
36 882
7 728
288 358
273 792
885 958
199 205
388 403
317 701
78 381
32 484
650 958
334 970
59 112
313 994
484 749
152 174
426 586
102 525
219 377
26 936
117 375
295 984
846 979
811 967
579 710
187 522
712 845
509 689
320 806
491 800
379 846
739 974
767 769
191 814
336 518
112 964
397 731
488 686
518 541
623 714
247 664
256 435
204 367
75 785
354 741
359 954
128 460
177 833
585 907
302 950
435 698
276 741
252 292
94 956
78 503
648 930
430 601
471 713
333 340
245 580
417 426
157 814
150 539
151 400
69 576
340 795
266 822
406 986
430 483
249 256
702 844
10 633
253 756
171 205
947 982
248 883
49 703
95 655
571 895
663 688
699 727
159 783
511 770
180 869
243 450
875 999
323 530
532 540
405 683
485 881
663 998
779 876
484 556
23 416
118 612
158 223
95 895
448 875
338 914
98 160
122 426
67 186
81 407
23 445
21 437
519 574
338 569
295 512
759 800
548 589
425 445
578 852
98 817
409 448
115 444
131 781
20 82
616 785
105 646
37 805
74 975
8 237
638 844
126 364
332 677
91 609
41 63
147 986
189 360
369 819
337 347
306 316
372 405
398 445
70 567
750 985
257 885
103 387
270 624
164 327
33 818
134 209
473 504
31 538
503 830
427 890
422 838
224 605
78 868
97 423
509 859
277 767
59 543
13 586
270 664
128 640
489 870
272 862
573 961
268 884
441 472
872 918
70 406
93 226
205 867
295 432
923 968
274 484
106 678
217 951
75 653
311 798
119 182
27 870
191 839
236 973
131 344
112 724
696 811
300 341
141 431
274 720
416 893
177 264
507 906
330 921
365 374
557 778
417 944
555 874
17 335
284 899
718 902
329 539
88 340
557 934
670 930
119 429
396 562
186 297
120 835
3 308
26 478
229 600
679 877
166 832
6 708
32 749
100 706
386 921
98 986
775 846
247 908
126 352
267 849
852 892
489 725
141 631
252 490
541 988
631 682
243 959
281 979
367 388
140 282
539 754
782 944
893 990
420 578
689 847
262 383
506 721
395 526
149 456
128 482
879 880
574 956
55 265
539 768
458 816
551 832
248 265
425 819
451 871
209 719
471 490
30 470
425 857
166 366
359 543
400 928
506 758
342 934
197 239
842 870
280 856
347 439
434 562
179 238
304 487
8 758
388 428
370 891
57 729
760 977
770 942
779 817
667 865
56 958
226 910
730 772
483 487
70 122
514 821
366 464
38 330
704 764
695 954
73 617
158 175
767 964
211 454
688 848
240 510
209 416
758 796
329 966
65 98
450 514
495 732
496 611
213 272
408 689
73 830
291 695
22 210
148 255
103 186
60 411
360 969
693 923
540 666
397 803
341 675
741 746
49 585
845 894
133 502
108 595
770 807
154 187
255 678
95 186
134 732
169 522
264 706
9 909
132 804
106 240
344 980
47 790
524 772
538 651
107 908
131 564
840 893
645 908
84 85
847 980
16 90
249 951
187 562
587 863
362 917
397 557
51 538
173 216
121 610
144 522
770 879
344 460
284 744
123 458
85 594
828 952
845 961
23 541
514 593
675 679
146 847
604 897
34 248
434 628
427 752
35 481
5 153
767 817
27 329
96 104
647 993
56 585
47 743
529 684
296 656
290 975
116 697
56 341
717 958
351 780
697 775
61 901
654 929
30 460
212 292
703 927
865 999
814 918
648 831
701 987
89 680
6 701
66 96
462 610
399 982
230 286
927 938
265 626
194 930
139 763
524 574
580 857
55 584
82 477
75 858
385 873
611 909
122 250
234 535
764 967
481 797
54 70
218 938
626 945
71 968
34 924
880 941
306 792
490 907
325 555
476 958
383 654
576 962
401 483
495 564
865 949
762 847
339 559
557 945
169 588
358 736
444 618
829 958
70 916
56 417
350 751
604 713
187 692
245 719
93 614
777 796
135 405
832 952
253 599
151 566
200 269
561 657
171 807
606 746
566 698
390 730
11 497
250 874
381 989
446 504
625 855
534 862
715 896
41 901
176 778
413 508
68 898
400 590
180 419
507 678
74 966
713 831
51 687
740 803
207 903
234 726
532 802
175 183
884 905
578 592
59 988
308 898
198 305
232 815
89 740
267 797
18 843
207 216
395 556
91 99
82 600
115 839
199 539
300 516
24 473
6 805
473 852
52 455
186 444
448 794
227 427
251 440
228 598
146 263
168 910
316 340
332 428
302 799
364 828
78 150
8 549
223 621
357 416
244 712
370 658
120 615
885 911
330 456
698 942
50 469
148 371
182 697
226 941
528 686
384 727
283 546
358 878
273 802
119 947
58 864
513 788
55 304
6 736
106 408
420 766
23 948
223 673
507 885
122 394
101 545
30 692
47 198
339 774
342 536
763 926
207 935
0 754
379 910
66 411
576 983
107 641
169 486
915 995
113 277
292 354
64 946
222 682
44 917
95 226
35 907
300 997
727 818
126 244
762 946
63 76
136 305
469 803
371 571
393 797
167 284
344 703
724 730
130 427
577 791
114 917
492 588
375 529
784 919
442 471
170 719
207 847
566 676
241 752
314 768
441 626
233 316
358 607
91 579
214 555
211 648
719 957
389 949
414 849
363 808
707 771
335 622
118 320
123 633
103 753
939 979
119 955
112 925
863 935
103 368
508 785
9 359
250 759
424 929
296 989
430 827
236 735
45 835
336 822
172 243
751 804
399 759
5 980
171 260
652 753
454 728
396 807
131 960
521 590
360 507
803 886
418 868
398 975
148 763
46 339
186 506
384 628
481 701
553 737
439 575
789 905
792 946
364 809
914 942
234 514
224 309
190 948
330 599
181 273
533 584
685 928
249 536
687 800
282 457
118 356
1 357
398 848
219 301
660 723
143 878
936 969
693 850
68 80
124 388
438 680
491 827
181 514
291 541
305 892
249 619
551 573
674 696
91 997
226 237
161 498
249 531
107 968
345 567
349 639
677 785
70 735
700 738
169 849
7 511
269 750
345 738
745 830
569 915
443 939
127 668
535 901
64 128
95 151
405 954
123 482
470 882
556 567
156 344
472 990
31 462
544 843
104 388
467 873
533 652
670 987
258 971
331 500
560 652
248 879
37 509
61 982
395 547
278 322
176 529
886 992
553 700
510 966
593 863
901 979
663 873
549 952
452 726
317 410
163 930
157 804
197 558
53 158
245 572
628 911
378 677
299 410
782 928
108 717
372 374
46 98
650 757
506 747
819 887
388 932
50 275
75 167
56 393
85 993
909 979
145 897
230 339
331 468
311 504
809 830
771 969
318 892
805 834
288 912
175 959
8 747
678 859
155 922
114 884
268 947
30 629
235 477
166 837
221 429
298 395
657 932
651 884
600 932
357 807
321 416
334 488
66 83
86 989
236 631
42 376
489 618
316 437
167 766
415 837
349 710
378 715
75 598
52 950
368 419
209 919
177 442
144 869
111 254
353 603
138 202
69 227
516 870
536 993
630 917
156 953
455 533
421 460
295 386
441 874
431 684
397 520
655 986
493 560
340 810
379 792
872 961
454 692
106 661
44 972
186 945
291 390
120 958
141 468
530 700
656 857
73 379
758 908
287 634
223 691
533 927
591 870
166 603
784 997
220 239
13 682
367 930
59 875
430 477
445 675
184 506
278 395
337 492
262 327
36 144
145 810
789 928
522 544
414 706
48 692
171 543
535 705
739 748
500 857
474 821
207 566
814 863
245 898
732 985
238 391
393 891
262 305
20 272
168 595
523 580
613 682
245 570
109 347
403 919
630 749
332 988
755 971
680 985
222 280
491 826
28 382
866 936
197 971
96 212
43 774
610 755
649 790
131 133
300 649
617 730
93 581
103 118
310 796
441 860
538 975
838 981
496 936
92 568
172 829
579 663
276 489
637 775
138 541
526 788
104 168
103 264
292 572
387 686
227 969
225 810
137 488
251 553
18 294
10 826
424 493
187 840
59 793
62 174
107 788
436 719
475 576
394 640
71 527
322 679
531 802
559 725
128 174
155 605
134 972
389 676
824 999
137 179
384 585
214 715
819 962
156 933
42 776
911 989
98 563
302 510
41 113
550 988
26 395
298 896
149 688
2 233
97 337
166 805
318 889
71 403
146 223
65 197
216 785
25 109
301 688
343 519
329 364
708 789
51 265
261 477
84 874
55 403
596 904
395 792
541 795
47 339
183 946
225 354
37 166
157 766
60 151
755 967
156 655
605 733
392 742
39 265
858 950
281 319
240 764
127 396
250 718
121 296
36 386
533 954
207 458
197 487
114 743
295 376
483 668
33 442
272 950
301 616
370 475
365 977
12 363
325 430
265 881
159 854
117 675
234 983
457 969
282 580
100 839
379 985
235 801
442 941
380 809
657 681
58 654
152 447
401 970
261 971
169 999
324 674
249 748
289 310
629 792
155 328
51 958
249 539
502 916
938 999
222 343
196 234
214 253
924 969
378 550
306 760
112 835
237 730
133 867
251 514
338 910
436 915
266 834
29 718
704 933
404 757
500 983
566 951
93 894
192 807
254 598
323 792
315 499
114 914
967 975
473 786
346 781
582 823
262 731
696 882
501 786
248 826
295 434
500 716
101 778
428 710
197 876
356 375
391 744
648 871
339 613
500 931
355 488
67 361
16 537
267 606
147 946
715 952
345 398
904 965
92 243
705 864
710 952
233 489
550 767
497 907
325 732
129 991
55 965
484 542
553 757
411 939
42 536
366 687
325 418
33 56
444 799
213 462
12 770
402 497
528 675
93 134
277 458
425 900
281 338
345 424
58 95
244 332
438 738
113 913
314 631
131 274
172 603
131 747
376 861
443 916
86 538
523 661
441 865
144 578
641 950
122 845
341 934
217 695
33 939
329 561
229 319
482 799
205 551
397 605
555 994
751 844
322 881
599 850
289 917
672 796
290 615
259 783
860 928
237 486
367 552
4 515
340 724
803 877
234 634
123 172
656 866
438 808
318 900
123 851
109 618
164 815
9 173
130 526
271 397
522 954
51 300
858 868
147 942
22 221
631 781
412 987
266 350
252 842
873 914
486 722
147 386
420 598
248 946
649 716
797 937
232 825
458 464
223 677
43 132
689 811
287 319
728 952
397 835
479 815
31 675
142 884
211 852
347 597
221 848
829 856
29 903
231 499
22 747
108 884
154 911
704 982
465 716
98 928
124 243
318 715
312 721
595 675
500 535
172 275
479 796
650 906
5 70
333 729
132 505
324 549
10 371
461 517
9 420
158 921
200 454
397 502
30 414
422 569
175 225
601 936
640 817
243 800
374 564
651 868
64 533
430 733
577 846
443 864
366 369
268 852
282 434
169 630
14 940
32 124
24 158
692 921
68 622
0 28
788 913
201 500
377 654
237 745
415 493
207 421
26 272
164 364
128 654
143 330
122 148
693 787
147 886
360 667
664 975
23 828
835 848
660 686
86 908
595 777
524 627
639 980
101 367
305 886
86 153
164 972
1 61
74 323
459 463
160 161
898 979
647 875
39 652
154 817
225 824
578 966
255 478
228 470
257 721
411 558
160 748
301 526
176 756
369 741
291 916
446 973
92 292
405 745
29 325
84 567
260 448
865 985
895 941
140 565
521 704
902 914
599 834
44 977
226 660
15 35
749 881
351 693
147 500
203 701
546 563
343 348
66 251
83 410
550 812
9 315
447 964
37 429
203 294
414 816
101 686
497 566
65 696
391 644
706 984
154 695
417 498
70 951
56 654
21 684
110 325
283 347
234 709
124 684
225 566
64 126
672 886
42 256
194 886
646 688
96 311
133 798
771 904
4 625
757 768
6 178
361 921
34 361
215 957
676 840
345 886
170 725
260 581
310 887
436 932
68 669
644 785
180 950
190 679
548 568
182 984
199 438
328 399
205 754
214 818
91 294
239 733
282 822
958 991
567 794
91 343
96 301
467 608
682 747
560 743
21 488
120 626
16 349
26 80
35 885
823 833
583 860
135 679
564 638
175 854
300 344
178 372
158 435
951 986
283 615
71 660
294 317
163 626
863 879
437 530
71 170
236 560
345 445
404 796
26 86
632 824
342 697
264 361
269 738
272 836
51 235
327 601
120 697
275 872
316 463
817 994
85 552
587 693
537 959
349 652
115 917
384 678
13 333
97 293
116 168
186 416
112 765
70 161
359 638
65 306
5 79
10 379
307 623
125 486
965 979
252 778
136 679
478 942
320 510
608 761
618 626
496 702
221 801
199 829
299 381
17 718
496 621
181 458
931 994
191 505
291 639
0 146
414 855
191 371
79 657
59 150
704 928
482 832
92 275
754 890
465 618
481 640
37 855
37 362
139 223
498 629
657 721
194 959
174 356
687 928
406 725
736 860
57 368
180 325
149 657
242 588
179 971
630 703
451 772
213 562
245 988
553 954
629 848
17 534
201 879
263 552
228 926
222 313
43 792
204 567
297 483
362 366
752 844
91 886
248 943
251 644
224 428
66 999
219 272
293 955
619 841
345 518
94 326
570 590
308 982
515 960
331 646
788 843
390 845
11 181
657 892
549 955
464 762
333 938
261 842
103 516
137 373
436 617
249 449
464 969
237 874
172 420
752 814
36 367
479 491
109 999
439 978
4 39
196 266
232 753
385 549
462 870
400 720
79 137
51 281
619 861
325 847
508 591
281 452
191 386
130 988
729 733
570 930
99 672
524 736
34 497
544 649
173 309
963 969
547 909
569 924
298 560
162 947
7 645
448 668
548 832
321 813
307 595
388 781
100 547
511 702
560 734
364 898
188 549
54 153
363 689
307 515
141 455
278 901
1 851
84 286
511 949
96 924
509 886
248 821
71 494
459 972
111 827
302 307
187 267
461 669
609 770
95 785
113 118
145 257
224 258
14 511
703 829
533 562
87 510
568 658
412 912
185 372
832 939
392 586
555 748
42 370
633 829
433 788
520 751
230 460
245 407
808 902
465 757
115 637
120 899
309 948
21 759
810 969
276 851
320 645
122 645
161 662
361 601
101 823
683 685
5 611
383 981
393 668
202 593
341 767
57 552
245 402
390 555
722 955
261 314
504 805
545 604
72 247
198 323
529 719
24 917
244 318
242 839
1 684
279 922
106 864
115 254
38 395
230 464
83 863
965 968
199 202
102 905
612 885
522 737
5 355
121 219
197 264
779 800
179 914
162 347
573 923
327 616
497 676
176 758
131 218
268 945
343 502
470 984
168 617
82 766
317 353
127 810
405 827
292 887
406 872
274 353
393 470
251 739
115 528
155 844
664 757
652 679
160 921
208 916
742 883
68 355
422 553
237 586
162 708
183 963
69 264
352 821
273 929
280 614
3 290
93 874
193 633
82 899
672 813
529 696
264 886
205 830
629 876
13 924
63 330
11 571
28 314
777 987
23 143
356 723
647 781
7 593
342 472
22 867
516 762
237 804
291 950
263 943
426 929
428 955
531 933
141 151
76 639
266 463
719 932
585 665
462 549
252 821
411 567
92 282
376 610
452 576
264 980
767 991
303 363
238 505
551 779
44 252
317 843
326 524
20 510
48 631
76 343
177 971
304 361
292 932
762 987
797 825
224 559
378 650
157 291
345 810
416 443
485 613
448 599
48 120
175 648
407 980
721 958
344 673
191 377
66 807
529 679
235 983
385 428
797 842
190 954
314 758
381 628
151 920
202 425
474 725
416 884
49 730
485 617
112 734
488 866
39 727
355 427
349 411
535 776
231 330
237 824
77 482
53 269
621 622
308 894
107 169
840 900
213 271
43 519
612 743
179 480
161 290
233 585
340 852
248 677
546 676
350 576
362 661
259 547
110 801
43 435
388 905
220 337
904 976
192 887
384 911
864 875
469 981
311 791
140 968
59 190
246 433
27 125
32 231
154 632
85 977
219 926
254 902
238 274
398 469
556 614
442 450
271 568
148 484
24 122
142 612
83 499
42 165
122 355
82 536
199 528
35 256
540 987
467 924
44 296
144 229
334 805
946 956
136 422
625 672
128 681
97 530
391 550
140 988
189 353
198 556
205 462
87 107
0 442
51 747
75 143
216 778
585 921
72 412
238 736
246 276
755 785
653 693
756 922
131 752
328 578
67 132
315 715
42 627
161 853
193 595
137 813
56 173
222 468
295 821
245 577
30 515
170 682
222 696
772 899
406 843
304 555
356 519
333 870
849 854
17 474
44 672
349 960
91 92
447 528
606 611
137 559
300 594
34 744
34 449
47 808
519 785
16 571
180 925
158 230
580 731
610 980
124 846
644 747
323 450
490 793
249 499
313 828
28 668
103 804
269 769
881 921
726 931
124 391
287 982
414 513
14 780
131 446
157 621
273 509
186 381
296 667
301 801
110 791
216 679
39 522
136 630
438 828
5 33
113 804
551 693
237 782
14 807
132 527
377 627
252 985
493 769
231 694
206 548
32 610
60 310
376 445
197 991
121 251
345 407
108 212
116 776
577 949
466 783
856 945
147 789
92 643
343 426
71 458
314 829
143 728
585 778
410 988
641 962
153 342
778 865
471 814
41 687
909 923
78 249
43 618
228 464
249 313
251 839
138 314
103 200
749 820
112 730
67 712
661 721
412 752
846 913
418 630
243 967
281 481
886 985
110 970
317 329
501 748
897 988
228 967
578 979
825 864
707 923
204 495
171 403
149 234
205 964
169 518
776 967
207 741
509 613
322 887
85 444
631 724
557 815
422 477
104 870
331 985
205 739
683 888
615 824
163 806
621 690
530 677
342 842
45 163
329 949
211 801
283 782
728 729
736 793
363 923
265 396
129 325
141 992
745 766
793 839
103 732
524 676
566 647
221 867
239 996
579 952
356 698
249 355
259 464
125 911
84 590
63 440
150 899
237 495
84 91
304 694
469 893
86 231
32 919
413 849
176 610
29 910
167 328
472 701
89 627
441 949
475 750
345 680
410 746
84 306
508 820
242 572
84 220
364 851
320 627
358 889
4 146
632 987
182 951
938 967
719 728
447 843
121 991
280 929
85 248
607 723
379 909
908 996
701 891
166 595
257 722
300 339
354 879
502 626
595 674
11 899
691 912
146 187
402 537
128 664
450 577
110 226
333 881
29 376
27 419
86 87
273 685
384 538
277 625
456 842
543 957
409 541
123 739
106 636
529 532
54 525
106 762
408 926
401 770
496 938
70 599
184 414
856 884
216 480
589 800
389 583
709 946
560 858
403 607
365 630
420 971
554 820
89 721
594 905
270 824
131 304
97 311
603 706
567 734
83 163
125 448
290 512
455 614
141 329
26 991
222 687
331 586
144 746
170 779
71 790
145 778
157 378
172 272
277 925
19 210
451 543
397 479
822 852
708 990
98 473
176 515
175 807
54 282
133 644
659 929
751 783
33 410
492 677
387 952
394 565
204 307
233 950
414 450
615 650
749 885
310 531
510 963
208 950
428 829
596 719
336 572
182 253
275 908
739 768
558 586
639 744
585 826
10 852
371 482
813 819
459 944
409 777
1 117
735 933
402 509
835 888
277 841
542 975
297 932
240 688
77 255
247 326
835 998
835 916
189 451
312 975
86 256
171 764
825 833
765 851
162 972
18 838
720 918
40 852
564 926
313 863
217 433
117 554
576 800
401 823
376 812
640 707
422 501
485 727
154 216
454 870
415 884
573 811
741 910
458 468
60 916
147 763
234 856
215 864
152 933
35 859
515 902
532 669
232 662
69 859
418 609
263 729
257 746
83 907
380 629
189 936
176 565
303 471
389 789
661 819
288 847
539 861
331 528
11 141
584 692
345 484
733 901
414 637
336 937
432 549
611 734
22 25
587 887
838 959
245 268
228 408
441 985
697 841
142 160
441 955
509 949
136 734
111 152
269 564
284 407
306 488
784 790
487 967
435 622
429 712
607 799
438 958
380 853
397 428
246 863
809 980
550 565
92 193
384 954
265 695
351 906
616 757
147 631
250 453
556 806
615 832
404 556
50 497
417 640
260 505
11 778
6 784
476 906
214 369
146 886
467 757
115 550
822 824
69 163
529 596
50 937
223 622
0 833
596 854
439 867
619 955
4 460
63 368
645 969
15 850
627 855
451 522
70 463
151 161
189 268
363 934
563 957
387 526
74 341
684 948
431 983
22 708
222 661
362 980
152 958
594 751
213 890
572 701
530 703
194 903
30 699
126 577
425 832
40 379
589 707
106 833
218 547
407 779
438 826
406 465
38 148
317 383
533 887
105 561
8 454
225 365
462 835
284 550
39 336
77 502
275 555
574 747
123 625
417 497
607 686
622 819
713 917
403 540
63 896
278 447
202 884
456 545
194 636
333 778
501 622
181 623
188 915
861 896
793 942
419 428
243 405
46 267
672 846
49 467
213 664
259 784
605 620
400 743
437 931
581 620
107 757
475 742
313 668
353 927
404 745
547 681
420 788
27 968
285 417
179 510
271 635
2 965
202 837
88 514
222 353
32 877
175 584
131 451
426 688
312 531
96 848
191 748
249 753
116 855
13 449
370 854
730 889
10 544
225 264
583 775
66 779
63 508
280 503
521 756
20 515
127 316
172 881
208 791
210 946
75 311
57 695
201 557
830 894
470 662
297 426
3 513
11 354
318 649
397 514
84 458
253 441
692 811
619 641
377 803
743 964
197 531
334 833
689 947
347 739
625 890
440 870
412 891
662 786
448 716
387 584
311 829
201 496
142 211
528 989
192 785
535 951
400 445
695 895
305 710
190 744
552 868
335 807
496 911
202 418
402 549
237 837
878 939
92 785
87 894
8 988
382 752
270 508
306 500
425 475
443 814
56 300
653 668
148 211
617 844
241 781
524 903
303 546
121 910
238 712
247 627
31 943
128 697
22 767
749 832
123 210
378 745
678 853
139 174
635 988
521 670
41 206
414 425
39 206
338 415
44 609
266 798
250 323
669 816
154 740
179 275
54 689
745 945
99 213
500 910
721 895
284 674
163 353
571 858
375 418
115 560
636 962
44 257
48 955
53 545
45 746
80 230
448 504
272 326
681 914
416 527
90 464
326 768
506 654
650 801
371 440
346 387
332 630
135 636
640 916
159 404
464 603
99 462
155 744
96 779
934 952
698 866
90 698
306 608
78 844
723 958
107 134
268 414
560 594
125 312
424 992
176 449
49 739
521 983
380 713
145 747
477 794
148 344
100 391
460 711
163 752
223 661
24 289
109 717
83 813
442 458
63 160
322 664
482 883
588 817
126 616
10 817
116 923
82 890
194 912
403 885
218 478
426 660
313 583
508 790
429 716
50 260
163 903
238 889
146 192
124 771
137 449
146 604
120 740
808 864
366 830
329 954
290 821
2 275
3 525
492 700
138 489
132 385
396 801
762 794
945 974
59 879
40 832
153 685
486 653
519 603
129 955
95 676
513 796
29 597
501 882
139 422
86 786
126 197
715 769
177 379
87 241
237 994
86 386
761 875
241 605
631 806
489 642
157 416
327 618
381 883
344 373
107 670
423 740
659 734
91 148
480 709
489 548
815 849
39 664
514 630
178 881
178 939
428 495
268 481
344 692
35 596
239 874
495 501
172 246
131 221
76 166
504 574
423 524
228 959
517 840
322 889
429 710
4 466
554 877
351 944
428 957
220 761
472 879
319 899
558 965
122 770
41 48
430 792
462 984
305 992
278 305
61 738
147 825
747 972
168 722
60 609
62 235
454 484
497 519
490 739
230 666
219 284
737 773
583 817
98 463
54 902
186 328
617 843
316 897
252 497
276 366
189 870
58 978
139 564
424 690
408 666
368 557
361 931
232 526
85 974
10 761
19 743
775 950
178 303
156 733
119 909
61 622
654 799
272 754
2 851
132 903
549 966
19 373
211 373
117 668
321 475
147 919
76 996
283 837
18 821
527 772
173 993
214 657
308 853
142 922
330 705
218 703
135 688
682 941
461 539
280 603
649 695
389 429
341 566
724 961
163 343
977 991
580 813
301 456
410 541
328 735
89 728
251 702
440 569
322 743
377 457
310 643
35 651
676 792
638 976
413 593
46 218
490 805
144 816
659 925
260 973
640 674
69 439
756 835
186 293
369 985
176 519
109 327
126 177
172 826
381 538
581 976
289 510
754 944
161 333
102 928
197 323
107 479
594 707
762 997
187 458
451 704
139 356
76 102
461 575
495 630
531 957
524 759
5 168
130 582
843 966
18 926
154 491
387 980
561 839
510 744
19 437
156 634
28 931
347 422
555 635
262 542
301 311
38 831
679 767
717 985
210 896
278 627
669 699
46 985
149 322
315 476
222 817
57 800
166 669
461 854
38 709
403 410
765 997
318 785
445 584
331 445
112 206
188 965
631 711
75 586
761 964
260 880
78 856
282 284
125 243
429 892
224 537
123 227
271 434
396 719
94 975
141 751
551 893
9 508
421 896
61 371
61 707
438 636
775 884
82 868
475 820
805 959
282 358
88 554
409 529
73 145
344 477
335 798
488 580
766 868
0 246
242 672
170 580
427 797
534 589
42 553
158 991
237 372
44 112
262 530
160 704
26 336
116 275
108 438
80 529
18 899
302 909
507 516
58 958
218 280
46 504
528 586
196 971
501 953
8 983
507 774
288 504
516 775
26 39
108 536
245 850
533 901
508 684
100 367
54 503
39 534
116 705
606 625
37 693
663 708
746 932
99 759
43 505
914 971
228 487
637 802
561 934
90 585
452 703
24 460
396 677
280 580
372 619
453 819
119 770
89 901
112 754
417 483
26 457
53 749
172 904
284 837
515 927
380 385
337 361
246 454
459 492
55 741
99 920
800 857
206 342
20 919
719 788
431 659
364 544
450 586
143 346
51 905
155 326
742 845
147 478
52 400
794 808
181 587
45 991
487 715
125 883
69 504
0 826
321 329
610 873
72 165
367 615
203 595
854 985
643 932
253 654
232 575
134 139
315 338
684 940
256 775
357 934
103 190
50 627
683 713
386 903
472 956
857 946
317 509
328 372
749 911
782 820
695 975
40 515
299 391
14 232
240 330
11 222
624 756
297 579
706 734
53 804
641 755
939 989
252 508
180 426
548 766
147 923
45 683
78 402
70 683
206 385
230 377
486 909
53 824
583 979
134 296
117 692
615 925
162 391
687 760
56 762
43 466
114 920
100 552
128 162
221 462
228 544
65 697
66 907
479 520
536 630
210 275
157 937
643 928
261 374
90 471
397 725
146 694
175 211
439 916
248 548
279 282
286 610
345 654
261 510
663 966
226 242
500 559
164 412
218 522
216 468
127 510
538 628
41 584
93 993
125 534
758 841
662 666
269 891
470 883
145 880
346 598
213 415
122 260
654 962
277 948
379 607
1 581
74 314
407 675
5 742
736 811
21 380
560 618
262 352
211 561
512 950
77 200
361 362
82 719
359 419
152 886
283 385
220 326
251 700
236 544
301 916
125 303
803 967
465 902
606 995
706 810
202 603
120 984
48 979
32 874
61 426
5 669
673 941
349 770
246 874
425 696
961 979
164 264
190 245
817 946
319 418
89 180
180 588
397 973
217 590
367 966
741 818
323 342
281 863
414 497
91 536
260 927
241 302
256 742
579 705
190 216
423 632
116 761
320 521
160 722
252 924
35 632
403 591
14 399
452 988
425 486
6 377
430 722
518 887
733 776
41 294
103 912
111 251
201 255
755 809
469 520
721 949
168 479
703 739
114 262
523 565
588 720
348 802
788 953
35 560
53 718
411 459
32 353
173 715
261 770
380 556
155 620
115 458
34 596
617 627
196 389
676 928
177 412
625 650
835 862
276 701
415 632
501 733
277 809
7 343
412 520
886 975
12 642
612 960
241 961
664 872
420 633
168 499
80 721
578 827
200 322
62 937
99 649
445 725
324 408
165 471
408 468
266 678
255 778
600 826
88 513
221 436
291 702
540 559
109 608
667 705
44 114
18 249
56 767
312 865
556 933
475 889
152 270
426 749
231 618
806 994
564 707
57 173
20 135
58 817
29 936
324 453
349 839
78 675
204 650
739 765
294 479
753 841
114 371
289 827
650 745
238 342
295 591
305 492
150 363
87 106
324 819
521 977
126 243
379 446
434 702
23 285
245 450
470 860
43 705
94 338
85 279
495 597
688 853
147 470
296 491
203 710
432 528
63 260
224 527
331 670
116 625
468 778
283 774
260 889
264 786
196 478
355 616
4 268
38 878
105 937
248 363
593 898
656 909
649 731
415 580
564 591
363 555
38 502
112 501
395 750
22 741
443 625
430 839
168 966
649 764
45 979
468 544
796 809
50 386
148 897
453 962
344 762
859 907
326 745
289 304
203 286
471 544
103 760
223 611
91 648
448 624
231 518
279 430
398 472
519 526
200 395
84 641
951 954
522 581
384 385
206 360
16 930
799 897
333 439
163 976
49 808
289 665
203 254
322 605
381 418
114 758
174 243
39 483
6 168
44 254
173 967
195 773
123 795
370 877
606 979
754 884
520 893
339 887
147 676
167 739
584 926
103 944
515 821
153 757
283 674
34 228
516 693
127 784
806 954
899 999
300 993
549 994
51 333
89 962
563 668
45 812
406 556
339 374
34 688
66 576
202 886
358 655
446 937
208 298
377 770
139 876
525 589
380 398
409 807
461 540
203 324
781 898
502 852
351 668
95 755
0 621
303 350
283 553
455 650
542 624
461 705
728 947
416 950
257 561
384 771
164 468
369 812
201 816
134 327
73 770
624 848
175 336
279 492
242 577
232 784
491 602
452 958
195 953
554 763
506 631
345 802
72 659
527 704
379 453
761 851
92 205
269 602
566 616
142 396
861 944
588 956
148 620
220 755
5 996
817 967
269 887
380 797
0 863
175 206
447 644
204 859
137 205
612 775
525 904
133 912
687 844
756 759
349 606
618 943
613 711
308 729
210 725
294 899
318 326
122 536
604 843
199 571
561 595
21 371
393 431
318 605
288 814
9 615
543 673
206 579
392 671
119 940
224 266
143 868
88 203
386 459
677 821
209 746
56 134
271 810
92 983
97 632
379 816
539 652
561 936
239 467
748 761
397 532
314 460
480 965
607 651
245 835
776 997
418 860
406 552
459 811
29 644
455 783
385 630
600 763
778 899
859 909
471 761
96 595
7 657
302 628
566 588
475 875
118 728
625 849
568 876
472 651
626 822
112 338
474 772
383 879
221 468
72 919
75 597
155 220
472 498
418 966
177 292
55 183
495 945
110 749
69 542
18 678
763 847
513 543
261 545
94 889
252 989
17 646
86 375
88 497
393 533
40 152
709 886
97 222
32 498
164 700
160 742
86 330
294 645
453 584
259 532
814 917
83 667
296 633
127 184
95 379
196 783
41 632
304 883
900 986
14 37
380 406
55 546
319 966
581 700
116 339
162 577
398 902
65 419
971 977
8 761
300 374
370 964
604 927
733 919
145 342
23 561
354 544
793 900
130 389
683 938
349 898
131 779
777 839
572 886
586 696
288 914
473 917
298 566
176 375
90 925
101 937
450 585
752 800
49 370
287 705
208 296
115 482
77 777
444 856
93 330
51 415
590 821
323 964
467 787
231 446
208 755
246 743
49 361
172 847
3 159
344 619
72 178
597 831
559 773
32 292
676 746
342 854
107 602
653 773
411 984
29 125
247 387
42 767
396 451
190 207
476 567
571 612
924 974
760 955
358 437
104 412
390 614
871 895
43 391
196 609
70 244
700 934
866 902
369 733
73 452
40 857
283 388
99 472
274 970
386 419
131 473
765 813
153 922
5 384
53 465
430 760
381 981
156 748
54 641
3 98
642 703
341 936
269 433
410 931
486 733
291 756
328 355
382 465
12 230
338 918
676 855
240 732
483 916
374 865
435 954
41 121
220 677
37 925
3 167
591 607
443 593
114 907
104 597
94 829
648 677
227 501
288 708
725 928
159 414
163 438
839 932
211 867
192 751
62 761
59 569
426 905
879 887
284 878
468 539
530 710
278 565
336 479
285 371
3 812
310 622
382 645
238 355
251 989
4 821
521 690
75 374
356 659
140 785
207 545
57 274
149 528
123 618
46 410
139 275
548 976
160 872
111 679
703 774
477 503
451 617
162 520
340 826
420 722
658 669
281 373
107 219
765 882
146 267
411 423
197 824
332 693
4 970
365 852
281 302
369 906
118 970
538 801
51 232
43 90
93 285
441 806
408 955
340 964
516 718
33 519
195 336
206 254
91 434
805 954
114 904
819 901
398 405
116 294
632 745
418 711
13 261
450 490
79 941
17 811
339 376
626 674
58 815
190 670
58 570
563 996
287 565
394 514
362 489
574 733
442 612
499 566
682 790
207 761
439 709
195 788
404 742
622 901
508 535
12 306
619 637
82 329
178 693
414 806
404 847
701 865
253 535
488 746
846 981
400 858
51 314
158 391
544 969
117 660
685 818
201 630
15 753
762 954
195 647
472 955
93 253
68 406
365 408
184 924
666 953
175 255
362 458
399 599
197 492
700 926
11 689
579 977
145 920
828 851
32 409
199 423
524 553
70 777
73 302
305 641
180 686
50 372
236 318
404 958
117 970
312 398
495 573
60 96
345 871
187 791
38 414
558 768
299 678
275 501
255 968
61 818
21 502
220 335
439 800
570 792
606 872
708 747
415 533
12 539
281 604
402 582
466 780
242 597
387 487
502 855
175 351
126 754
81 905
53 150
335 617
529 932
2 435
40 980
594 854
308 612
434 686
365 865
123 794
749 773
500 719
163 546
359 884
65 859
623 769
265 782
327 644
34 276
505 519
608 985
91 635
87 998
418 620
67 902
479 626
477 782
506 746
553 924
108 270
202 359
102 284
142 349
207 996
234 735
340 429
220 602
142 192
400 419
527 829
885 956
704 888
442 636
803 914
578 933
127 717
239 766
432 553
126 207
295 653
441 819
389 925
24 449
332 747
52 863
593 786
105 169
327 735
279 421
259 463
694 914
527 977
38 976
620 966
208 332
219 787
1 782
126 231
222 539
376 395
219 548
433 464
288 613
232 947
27 974
273 373
60 732
710 990
376 458
583 991
177 569
80 712
613 701
385 398
24 681
339 786
276 572
485 537
412 457
120 870
557 724
70 607
249 479
900 927
261 467
1 772
254 494
128 911
616 629
466 606
515 949
481 716
541 981
0 111
425 746
560 782
56 268
147 583
805 827
390 443
439 872
111 407
9 471
76 500
864 968
606 796
431 572
248 426
596 764
218 628
119 602
377 867
270 982
433 802
1 371
539 558
50 736
323 965
112 715
212 306
535 562
591 711
506 805
110 581
273 282
166 313
164 248
788 879
105 311
104 778
304 843
620 777
476 548
328 913
23 78
154 326
179 681
774 865
466 831
174 241
95 368
438 532
223 895
42 280
274 663
528 677
71 365
455 938
55 437
27 122
576 866
447 725
424 770
745 802
470 487
172 680
80 777
221 355
481 745
487 869
686 906
667 921
153 708
45 67
469 494
504 520
71 557
384 773
3 242
296 831
254 459
35 757
78 300
788 840
226 678
44 651
89 554
98 525
346 433
57 511
146 932
490 762
168 529
73 948
148 333
565 941
746 808
606 834
157 916
726 871
16 398
461 745
305 470
79 91
263 849
43 215
281 318
538 820
579 915
388 700
266 659
355 955
807 887
100 615
277 532
366 993
725 952
469 691
147 323
530 874
131 758
34 271
549 862
571 748
260 498
123 613
24 781
114 554
558 897
43 305
34 208
794 879
158 402
476 540
632 922
889 958
263 609
415 458
121 846
567 612
256 530
688 954
330 374
495 765
823 998
4 468
173 376
317 812
379 505
540 696
479 532
344 831
900 974
216 714
772 932
327 834
78 310
469 654
162 555
297 613
445 577
56 348
214 611
83 643
43 195
598 898
718 983
880 901
279 793
106 401
258 564
880 896
913 975
37 602
236 470
68 608
100 493
59 594
653 916
240 887
597 641
357 562
450 742
491 919
44 594
257 994
32 991
657 786
192 831
365 550
486 678
45 514
595 881
185 970
58 579
475 880
164 181
529 656
203 340
347 496
164 562
720 898
1 124
8 80
495 629
512 798
528 717
97 664
274 514
144 639
538 878
612 713
497 666
496 913
843 953
441 903
383 427
343 971
494 637
465 816
374 484
82 270
434 559
251 629
7 994
100 937
281 716
498 619
173 578
198 493
64 150
94 541
484 967
315 369
549 901
139 167
882 891
452 555
13 912
124 718
380 796
245 909
66 692
477 487
110 788
363 520
148 583
735 922
371 666
504 525
827 894
431 673
30 72
636 963
441 470
110 732
168 645
49 131
678 920
31 132
228 755
172 912
767 807
328 893
258 263
301 943
125 943
242 794
828 936
4 50
401 934
667 890
331 488
124 503
510 959
118 945
364 799
152 309
118 790
600 729
267 721
513 755
120 993
166 651
338 641
537 970
825 977
721 917
107 467
278 485
45 696
84 957
269 707
269 960
100 330
489 565
720 850
576 754
425 439
228 596
110 851
241 732
163 956
6 87
109 775
499 696
87 109
30 896
567 933
537 626
96 459
695 910
627 810
231 794
439 640
294 430
8 536
135 784
47 443
202 982
239 270
655 785
486 535
127 401
806 868
262 462
595 655
192 205
431 623
81 624
234 869
725 919
157 685
279 638
57 901
0 711
218 931
205 628
577 795
933 981
422 655
511 935
43 285
412 831
112 412
221 387
226 328
771 802
73 970
443 471
504 721
248 615
86 556
271 960
44 496
38 729
249 475
264 721
177 648
274 689
585 688
402 884
391 694
518 532
189 420
394 535
366 541
508 649
26 734
219 708
168 201
406 447
532 977
286 636
21 367
16 203
199 467
686 762
210 486
249 633
385 950
146 246
26 189
516 757
876 892
345 543
181 848
57 410
330 718
747 979
352 495
662 851
411 787
147 878
488 806
558 892
67 815
185 827
145 878
496 618
505 602
442 538
294 461
787 828
90 645
403 415
385 853
114 562
106 662
216 594
641 994
277 566
313 487
396 901
255 563
473 860
306 913
519 565
287 746
185 726
278 674
265 746
589 762
402 812
510 876
694 892
58 211
451 869
194 780
667 795
158 397
21 790
66 148
784 935
45 983
41 971
401 851
761 990
239 759
208 257
67 876
180 771
159 926
502 985
488 637
206 515
227 981
413 804
156 429
307 815
84 740
582 981
340 952
218 993
476 992
134 998
400 837
196 937
89 158
217 720
391 819
208 327
59 876
210 972
252 835
198 569
295 725
719 979
937 972
224 840
665 833
825 928
146 339
648 832
220 525
680 728
97 980
120 187
425 986
340 769
341 400
43 861
914 953
40 555
865 911
628 737
245 993
587 764
176 807
325 700
557 627
57 994
8 27
222 934
193 322
21 137
756 998
626 712
11 353
256 678
203 999
304 451
445 468
210 668
82 713
263 343
650 749
428 916
411 898
86 692
312 320
49 387
39 592
235 823
641 948
575 705
47 916
1 389
120 513
724 900
615 708
792 891
31 247
307 470
296 953
673 957
472 790
580 794
95 363
506 594
696 713
177 985
828 971
203 698
635 706
961 998
221 641
367 748
238 744
107 879
769 985
164 498
325 532
80 213
388 662
229 578
282 990
97 558
694 826
5 342
289 613
743 981
621 972
225 502
542 742
271 595
38 660
194 705
292 332
552 984
478 636
133 701
37 902
166 613
47 133
314 860
569 781
766 944
138 929
844 910
399 534
223 706
599 896
541 982
651 737
491 950
406 694
154 741
735 923
214 857
329 911
201 221
147 621
543 806
68 799
515 717
251 681
326 712
72 384
132 452
236 999
225 669
297 739
591 743
283 456
242 877
867 991
547 602
129 910
693 779
437 443
53 368
35 944
260 980
274 469
20 727
215 326
82 402
161 729
371 809
298 324
216 248
548 915
426 598
198 918
76 387
223 552
664 795
380 416
213 291
79 975
131 170
559 570
82 676
28 293
511 923
830 845
134 141
79 953
141 529
313 834
37 229
658 694
805 903
169 274
659 811
21 368
119 144
236 911
454 628
557 830
215 773
323 475
138 638
486 946
101 624
302 859
458 797
616 771
131 239
250 482
7 743
232 695
412 853
263 471
130 637
165 851
342 375
85 744
69 333
249 887
683 873
715 789
513 975
59 842
39 686
161 757
215 363
25 641
132 254
39 539
263 336
165 862
291 745
241 880
637 749
106 908
17 414
559 834
486 640
89 161
595 885
337 475
240 857
591 930
225 601
500 646
210 328
279 847
344 415
92 142
509 641
612 716
220 780
487 945
59 750
351 724
539 813
23 218
477 920
363 586
20 566
218 711
341 570
477 768
638 727
62 753
504 951
98 270
44 94
744 770
608 950
640 668
206 349
447 760
477 587
479 953
515 846
487 612
191 299
272 677
59 870
243 792
743 917
79 583
461 908
486 776
142 417
150 619
445 880
66 708
217 768
628 695
154 405
190 706
124 760
316 702
305 341
346 809
147 395
353 641
262 567
571 893
599 908
81 204
89 844
111 928
179 770
436 892
374 717
521 839
412 901
689 966
905 977
331 567
299 457
265 953
535 774
182 837
352 517
20 84
315 708
390 656
702 738
466 562
287 999
270 559
116 931
324 847
731 855
45 193
648 965
114 944
700 884
323 954
290 827
248 392
345 924
477 931
565 986
913 961
304 540
308 333
429 746
210 300
888 942
444 580
883 990
408 501
585 733
217 523
283 521
367 866
383 563
58 786
243 610
344 573
498 758
344 436
135 323
492 503
912 945
608 955
359 813
192 219
485 812
52 103
407 785
185 413
530 897
400 774
483 859
80 348
440 939
448 631
100 395
54 722
211 277
597 761
119 134
691 876
646 752
54 817
774 942
333 791
61 289
323 718
561 856
181 386
49 616
204 872
204 580
783 814
972 992
546 584
450 892
268 323
102 799
248 356
135 638
569 797
283 728
263 479
794 865
666 955
854 993
932 944
205 809
14 850
47 644
310 825
450 495
193 439
378 641
471 657
867 884
686 898
438 627
149 208
121 585
133 703
102 900
554 642
76 303
322 672
296 903
597 980
464 543
89 742
156 966
236 471
374 978
730 838
606 881
729 932
303 724
103 370
109 930
473 839
203 591
608 983
432 945
661 783
32 365
449 803
214 503
403 839
673 689
397 571
412 967
867 870
213 610
426 950
23 826
570 938
50 624
353 659
487 827
152 988
619 954
23 752
345 512
226 840
28 369
61 910
437 957
577 830
687 996
776 798
296 490
56 73
26 492
80 364
104 900
640 993
391 974
269 412
294 425
449 907
241 731
344 944
797 991
37 930
371 583
402 685
47 925
78 589
416 544
213 687
176 402
154 866
397 746
138 728
940 956
300 936
377 470
176 641
46 738
179 932
244 955
83 549
489 925
14 43
88 98
107 857
472 506
49 169
548 975
510 529
612 727
62 926
93 722
503 703
366 661
853 951
590 751
262 290
321 474
112 985
186 921
571 933
24 344
234 265
276 950
659 959
167 756
287 543
70 687
147 575
114 510
68 856
513 845
114 565
718 913
735 804
77 410
370 667
393 666
255 553
127 965
17 936
637 732
176 582
291 878
588 806
193 509
326 983
430 884
906 999
718 939
372 523
908 959
1 184
671 903
809 987
206 581
452 511
578 756
788 799
418 997
290 933
873 920
540 770
456 724
191 412
32 678
483 945
745 807
29 142
253 816
460 506
379 776
338 394
254 356
173 638
286 877
953 993
98 468
217 980
53 124
122 515
823 922
120 946
458 983
397 672
149 780
25 118
608 721
340 470
690 813
406 593
365 578
264 771
651 944
700 852
181 369
77 943
611 807
228 325
161 973
46 282
240 385
316 883
147 218
249 993
9 49
303 898
629 928
71 863
36 347
101 622
928 992
52 801
11 241
178 518
182 254
79 413
213 843
892 943
91 480
67 238
507 736
227 962
232 463
398 901
724 814
475 549
337 365
335 429
399 909
158 568
598 772
543 823
43 644
232 475
73 738
356 945
805 883
34 187
81 549
428 631
85 879
436 951
9 535
44 204
308 641
396 615
532 642
494 725
29 685
1 47
184 238
123 648
140 204
91 302
555 763
106 824
663 971
522 951
445 946
23 695
200 924
583 747
221 370
498 657
568 906
85 874
95 572
8 324
312 617
478 743
190 808
57 395
128 807
140 315
524 964
337 432
336 454
396 398
230 768
81 178
577 590
148 240
125 621
329 555
173 808
672 884
557 850
693 946
9 503
113 195
653 878
331 645
307 718
267 554
126 717
163 896
519 819
165 873
144 525
118 330
946 963
466 733
364 579
50 354
712 902
669 857
118 467
9 133
193 647
64 633
27 211
5 514
326 993
189 741
310 487
95 468
127 220
1 374
42 180
12 125
180 262
293 331
602 824
116 701
273 308
182 760
571 938
251 803
44 573
744 767
381 449
600 689
439 792
636 808
334 809
44 655
714 741
626 789
179 277
813 948
378 733
744 879
264 926
280 913
72 284
132 441
469 715
261 841
366 903
450 456
307 564
575 752
213 796
18 208
174 668
700 943
368 755
175 285
679 954
502 531
64 757
64 521
232 287
541 641
389 517
450 468
904 963
124 661
50 536
102 854
41 304
296 717
98 627
701 833
253 302
253 595
301 476
191 600
3 958
426 434
465 756
45 583
167 809
657 874
216 549
15 529
601 924
539 847
26 922
90 435
476 972
705 993
126 627
396 634
341 848
119 224
338 545
503 829
418 971
37 647
560 828
404 746
786 815
607 889
402 772
570 573
487 916
63 79
