50 1 200
15
14 30
7 48
4 9
36 47
0 16
6 23
17 42
39 42
9 21
37 42
1 12
12 42
32 44
22 29
2 43
5 11
0 1
30 38
25 46
27 37
34 44
12 40
30 43
22 30
13 32
27 31
34 45
38 49
33 49
33 38
28 30
17 31
2 5
7 37
39 43
0 12
20 45
1 36
33 48
0 29
6 45
39 41
19 44
21 32
3 32
33 47
31 41
13 36
16 25
4 5
27 28
9 40
3 42
11 46
14 25
28 42
6 33
3 18
37 40
5 15
35 44
12 41
21 36
7 12
10 39
2 28
16 31
3 41
5 40
30 37
16 34
4 29
24 48
11 39
47 48
9 49
37 38
6 30
22 36
8 41
19 26
43 49
36 43
9 12
10 43
19 37
3 26
16 19
11 15
30 33
11 37
20 22
21 35
3 19
30 31
16 48
15 31
28 49
10 45
26 46
24 26
14 28
5 42
11 49
40 42
12 35
4 39
4 25
13 30
8 21
29 44
23 36
26 29
1 48
12 46
0 36
8 30
6 8
9 25
0 15
6 49
13 19
2 16
7 36
18 19
16 26
24 41
0 47
16 28
21 30
20 41
44 45
23 49
36 39
7 33
45 48
23 38
19 29
28 31
4 42
12 19
9 34
34 39
34 37
2 27
2 49
30 45
14 39
12 20
29 47
8 36
13 24
2 18
9 48
11 30
3 22
47 49
20 37
13 39
29 48
9 41
18 20
5 7
29 34
9 43
23 44
7 16
10 30
27 45
32 35
4 30
15 16
38 43
11 21
31 39
1 14
8 22
9 16
25 47
17 21
24 25
25 31
15 28
20 28
16 35
8 44
32 41
1 8
32 38
24 28
17 37
16 23
6 21
2 4
2 36
22 48
33 42
27 32
17 25
15 23
